380 0.000154
384 0.000327
388 0.000484
392 0.001094
396 0.001550
400 0.001811
404 0.001575
408 0.001203
412 0.000848
416 0.000608
420 0.000508
424 0.000483
428 0.000492
432 0.000511
436 0.000549
440 0.000585
444 0.000625
448 0.000660
452 0.000719
456 0.000782
460 0.000830
464 0.000869
468 0.000911
472 0.000976
476 0.001030
480 0.001104
484 0.001162
488 0.001204
492 0.001252
496 0.001316
500 0.001403
504 0.001485
508 0.001555
512 0.001597
516 0.001644
520 0.001715
524 0.001787
528 0.001875
532 0.001974
536 0.002040
540 0.002097
544 0.002137
548 0.002189
552 0.002272
556 0.002366
560 0.002475
564 0.002582
568 0.002652
572 0.002721
576 0.002796
580 0.002896
584 0.003051
588 0.003238
592 0.003438
596 0.003562
600 0.003548
604 0.003464
608 0.003436
612 0.003426
616 0.003459
620 0.003503
624 0.003575
628 0.003644
632 0.003747
636 0.003844
640 0.003937
644 0.004018
648 0.004063
652 0.004080
656 0.004113
660 0.004134
664 0.004182
668 0.004262
672 0.004348
676 0.004444
680 0.004554
684 0.004622
688 0.004686
692 0.004708
696 0.004709
700 0.004722
704 0.004709
708 0.004745
712 0.004798
716 0.004854
720 0.004924
724 0.005039
728 0.005136
732 0.005213
736 0.005297
740 0.005347
744 0.005338
748 0.005306
752 0.005332
756 0.005266
760 0.005264
764 0.005252
768 0.005305
772 0.005348
776 0.005379
780 0.005470
