380 0.000138
384 0.000303
388 0.000457
392 0.001049
396 0.001478
400 0.001745
404 0.001526
408 0.001170
412 0.000823
416 0.000601
420 0.000496
424 0.000477
428 0.000477
432 0.000494
436 0.000534
440 0.000572
444 0.000611
448 0.000650
452 0.000709
456 0.000771
460 0.000808
464 0.000849
468 0.000893
472 0.000957
476 0.001009
480 0.001079
484 0.001138
488 0.001186
492 0.001233
496 0.001290
500 0.001373
504 0.001456
508 0.001532
512 0.001578
516 0.001621
520 0.001681
524 0.001751
528 0.001846
532 0.001944
536 0.002006
540 0.002068
544 0.002107
548 0.002159
552 0.002243
556 0.002337
560 0.002442
564 0.002541
568 0.002615
572 0.002688
576 0.002756
580 0.002852
584 0.003000
588 0.003187
592 0.003377
596 0.003509
600 0.003505
604 0.003423
608 0.003392
612 0.003381
616 0.003421
620 0.003461
624 0.003524
628 0.003599
632 0.003702
636 0.003792
640 0.003885
644 0.003969
648 0.004017
652 0.004033
656 0.004069
660 0.004082
664 0.004138
668 0.004216
672 0.004307
676 0.004403
680 0.004505
684 0.004577
688 0.004650
692 0.004675
696 0.004661
700 0.004675
704 0.004669
708 0.004694
712 0.004747
716 0.004808
720 0.004881
724 0.004994
728 0.005088
732 0.005154
736 0.005257
740 0.005282
744 0.005270
748 0.005256
752 0.005273
756 0.005223
760 0.005237
764 0.005247
768 0.005243
772 0.005305
776 0.005327
780 0.005451
