380 0.000015
384 0.000011
388 0.000002
392 0.000013
396 0.000015
400 0.000022
404 0.000023
408 0.000036
412 0.000047
416 0.000058
420 0.000092
424 0.000141
428 0.000210
432 0.000368
436 0.000567
440 0.000485
444 0.000383
448 0.000365
452 0.000376
456 0.000360
460 0.000325
464 0.000292
468 0.000257
472 0.000226
476 0.000234
480 0.000324
484 0.000554
488 0.000780
492 0.000782
496 0.000622
500 0.000408
504 0.000246
508 0.000167
512 0.000128
516 0.000100
520 0.000079
524 0.000069
528 0.000059
532 0.000104
536 0.000441
540 0.001748
544 0.003069
548 0.002235
552 0.000971
556 0.000345
560 0.000115
564 0.000053
568 0.000053
572 0.000106
576 0.000286
580 0.000617
584 0.001081
588 0.001329
592 0.001112
596 0.000762
600 0.000580
604 0.000851
608 0.003049
612 0.004920
616 0.003670
620 0.002227
624 0.001578
628 0.001196
632 0.000868
636 0.000425
640 0.000238
644 0.000263
648 0.000333
652 0.000331
656 0.000229
660 0.000209
664 0.000242
668 0.000234
672 0.000202
676 0.000195
680 0.000213
684 0.000187
688 0.000174
692 0.000147
696 0.000101
700 0.000112
704 0.000273
708 0.000513
712 0.000365
716 0.000157
720 0.000032
724 0.000034
728 0.000029
732 0.000006
736 0.000008
740 0.000004
744 0.000010
748 0.000034
752 0.000051
756 0.000018
760 0.000060
764 0.000046
768 0.000042
772 0.000071
776 0.000060
780 0.000075
