380 0.000011
384 0.000004
388 0.000006
392 0.000009
396 0.000006
400 0.000014
404 0.000031
408 0.000043
412 0.000052
416 0.000072
420 0.000139
424 0.000227
428 0.000354
432 0.000676
436 0.001068
440 0.000941
444 0.000775
448 0.000774
452 0.000794
456 0.000780
460 0.000718
464 0.000634
468 0.000554
472 0.000481
476 0.000437
480 0.000478
484 0.000676
488 0.000856
492 0.000798
496 0.000576
500 0.000359
504 0.000205
508 0.000131
512 0.000096
516 0.000074
520 0.000055
524 0.000043
528 0.000039
532 0.000061
536 0.000253
540 0.000997
544 0.001757
548 0.001279
552 0.000556
556 0.000196
560 0.000063
564 0.000028
568 0.000023
572 0.000050
576 0.000128
580 0.000231
584 0.000315
588 0.000324
592 0.000245
596 0.000153
600 0.000103
604 0.000131
608 0.000428
612 0.000680
616 0.000506
620 0.000305
624 0.000209
628 0.000155
632 0.000113
636 0.000058
640 0.000031
644 0.000031
648 0.000041
652 0.000044
656 0.000028
660 0.000028
664 0.000031
668 0.000030
672 0.000024
676 0.000023
680 0.000023
684 0.000026
688 0.000027
692 0.000015
696 0.000013
700 0.000015
704 0.000033
708 0.000064
712 0.000046
716 0.000017
720 0.000001
724 0.000007
728 0.000004
732 0.000007
736 0.000006
740 0.000001
744 0.000001
748 0.000001
752 0.000003
756 0.000004
760 0.000010
764 0.000007
768 0.000003
772 0.000002
776 0.000003
780 0.000005
