380 0.000001
384 0.000000
388 0.000000
392 0.000001
396 0.000007
400 0.000014
404 0.000023
408 0.000026
412 0.000027
416 0.000033
420 0.000046
424 0.000067
428 0.000100
432 0.000190
436 0.000299
440 0.000264
444 0.000215
448 0.000217
452 0.000222
456 0.000217
460 0.000199
464 0.000176
468 0.000152
472 0.000135
476 0.000122
480 0.000140
484 0.000205
488 0.000266
492 0.000251
496 0.000185
500 0.000115
504 0.000067
508 0.000042
512 0.000031
516 0.000024
520 0.000019
524 0.000014
528 0.000013
532 0.000022
536 0.000092
540 0.000360
544 0.000636
548 0.000464
552 0.000201
556 0.000070
560 0.000022
564 0.000009
568 0.000008
572 0.000018
576 0.000044
580 0.000072
584 0.000086
588 0.000080
592 0.000055
596 0.000033
600 0.000020
604 0.000016
608 0.000036
612 0.000052
616 0.000036
620 0.000019
624 0.000014
628 0.000010
632 0.000007
636 0.000004
640 0.000001
644 0.000002
648 0.000003
652 0.000003
656 0.000001
660 0.000000
664 0.000001
668 0.000002
672 0.000002
676 0.000001
680 0.000002
684 0.000001
688 0.000002
692 0.000001
696 0.000001
700 0.000001
704 0.000003
708 0.000007
712 0.000004
716 0.000002
720 0.000000
724 0.000000
728 0.000000
732 0.000000
736 0.000000
740 0.000000
744 0.000001
748 0.000000
752 0.000001
756 0.000000
760 0.000000
764 0.000001
768 0.000001
772 0.000000
776 0.000001
780 0.000002
