380 0.000003
384 0.000001
388 0.000000
392 0.000005
396 0.000006
400 0.000015
404 0.000022
408 0.000027
412 0.000030
416 0.000035
420 0.000049
424 0.000074
428 0.000113
432 0.000215
436 0.000336
440 0.000295
444 0.000243
448 0.000243
452 0.000249
456 0.000242
460 0.000222
464 0.000196
468 0.000171
472 0.000150
476 0.000136
480 0.000152
484 0.000220
488 0.000283
492 0.000267
496 0.000194
500 0.000121
504 0.000071
508 0.000045
512 0.000033
516 0.000025
520 0.000018
524 0.000014
528 0.000013
532 0.000021
536 0.000091
540 0.000363
544 0.000636
548 0.000464
552 0.000201
556 0.000071
560 0.000022
564 0.000010
568 0.000008
572 0.000017
576 0.000042
580 0.000071
584 0.000086
588 0.000079
592 0.000055
596 0.000032
600 0.000019
604 0.000016
608 0.000036
612 0.000054
616 0.000037
620 0.000020
624 0.000013
628 0.000009
632 0.000007
636 0.000003
640 0.000002
644 0.000002
648 0.000002
652 0.000002
656 0.000001
660 0.000000
664 0.000002
668 0.000002
672 0.000001
676 0.000002
680 0.000001
684 0.000001
688 0.000001
692 0.000001
696 0.000002
700 0.000001
704 0.000002
708 0.000004
712 0.000003
716 0.000001
720 0.000001
724 0.000000
728 0.000001
732 0.000000
736 0.000000
740 0.000000
744 0.000001
748 0.000000
752 0.000001
756 0.000000
760 0.000000
764 0.000003
768 0.000001
772 0.000005
776 0.000002
780 0.000005
