380 0.000001
384 0.000000
388 0.000004
392 0.000001
396 0.000008
400 0.000014
404 0.000027
408 0.000033
412 0.000037
416 0.000046
420 0.000081
424 0.000125
428 0.000189
432 0.000358
436 0.000557
440 0.000489
444 0.000398
448 0.000403
452 0.000408
456 0.000400
460 0.000365
464 0.000322
468 0.000280
472 0.000247
476 0.000222
480 0.000252
484 0.000365
488 0.000469
492 0.000443
496 0.000323
500 0.000203
504 0.000119
508 0.000076
512 0.000056
516 0.000044
520 0.000032
524 0.000025
528 0.000022
532 0.000036
536 0.000156
540 0.000614
544 0.001080
548 0.000788
552 0.000342
556 0.000120
560 0.000037
564 0.000017
568 0.000015
572 0.000031
576 0.000079
580 0.000147
584 0.000209
588 0.000224
592 0.000172
596 0.000112
600 0.000075
604 0.000099
608 0.000323
612 0.000511
616 0.000380
620 0.000230
624 0.000159
628 0.000118
632 0.000086
636 0.000043
640 0.000025
644 0.000026
648 0.000031
652 0.000031
656 0.000023
660 0.000020
664 0.000025
668 0.000021
672 0.000021
676 0.000018
680 0.000019
684 0.000019
688 0.000016
692 0.000014
696 0.000010
700 0.000008
704 0.000027
708 0.000048
712 0.000037
716 0.000013
720 0.000005
724 0.000001
728 0.000003
732 0.000004
736 0.000002
740 0.000005
744 0.000005
748 0.000004
752 0.000006
756 0.000010
760 0.000010
764 0.000016
768 0.000009
772 0.000010
776 0.000007
780 0.000003
