380 0.000002
384 0.000001
388 0.000000
392 0.000004
396 0.000005
400 0.000020
404 0.000030
408 0.000032
412 0.000040
416 0.000052
420 0.000089
424 0.000128
428 0.000191
432 0.000348
436 0.000535
440 0.000464
444 0.000374
448 0.000372
452 0.000377
456 0.000369
460 0.000336
464 0.000295
468 0.000254
472 0.000227
476 0.000210
480 0.000253
484 0.000385
488 0.000512
492 0.000496
496 0.000373
500 0.000236
504 0.000139
508 0.000092
512 0.000070
516 0.000053
520 0.000042
524 0.000032
528 0.000032
532 0.000050
536 0.000213
540 0.000837
544 0.001468
548 0.001069
552 0.000466
556 0.000163
560 0.000051
564 0.000023
568 0.000019
572 0.000042
576 0.000123
580 0.000260
584 0.000438
588 0.000518
592 0.000426
596 0.000287
600 0.000211
604 0.000305
608 0.001067
612 0.001696
616 0.001262
620 0.000766
624 0.000540
628 0.000402
632 0.000289
636 0.000142
640 0.000075
644 0.000085
648 0.000110
652 0.000109
656 0.000078
660 0.000070
664 0.000079
668 0.000075
672 0.000065
676 0.000063
680 0.000064
684 0.000061
688 0.000058
692 0.000048
696 0.000033
700 0.000031
704 0.000087
708 0.000163
712 0.000120
716 0.000044
720 0.000011
724 0.000007
728 0.000007
732 0.000009
736 0.000007
740 0.000009
744 0.000015
748 0.000009
752 0.000004
756 0.000003
760 0.000008
764 0.000011
768 0.000003
772 0.000010
776 0.000008
780 0.000010
