380 0.000020
384 0.000010
388 0.000013
392 0.000014
396 0.000004
400 0.000014
404 0.000041
408 0.000044
412 0.000056
416 0.000084
420 0.000148
424 0.000244
428 0.000367
432 0.000685
436 0.001065
440 0.000928
444 0.000749
448 0.000749
452 0.000760
456 0.000744
460 0.000687
464 0.000602
468 0.000528
472 0.000456
476 0.000433
480 0.000509
484 0.000772
488 0.001016
492 0.000978
496 0.000734
500 0.000470
504 0.000274
508 0.000178
512 0.000136
516 0.000102
520 0.000077
524 0.000057
528 0.000055
532 0.000094
536 0.000417
540 0.001630
544 0.002882
548 0.002095
552 0.000910
556 0.000321
560 0.000098
564 0.000045
568 0.000042
572 0.000086
576 0.000258
580 0.000559
584 0.000973
588 0.001178
592 0.000974
596 0.000669
600 0.000499
604 0.000734
608 0.002638
612 0.004258
616 0.003174
620 0.001921
624 0.001357
628 0.001028
632 0.000743
636 0.000361
640 0.000203
644 0.000222
648 0.000282
652 0.000279
656 0.000206
660 0.000172
664 0.000204
668 0.000193
672 0.000171
676 0.000165
680 0.000168
684 0.000161
688 0.000160
692 0.000141
696 0.000072
700 0.000078
704 0.000233
708 0.000431
712 0.000328
716 0.000136
720 0.000039
724 0.000013
728 0.000019
732 0.000025
736 0.000026
740 0.000007
744 0.000025
748 0.000015
752 0.000008
756 0.000031
760 0.000031
764 0.000037
768 0.000007
772 0.000026
776 0.000003
780 0.000003
