380 0.000004
384 0.000001
388 0.000008
392 0.000004
396 0.000012
400 0.000018
404 0.000034
408 0.000040
412 0.000047
416 0.000064
420 0.000118
424 0.000193
428 0.000298
432 0.000561
436 0.000874
440 0.000766
444 0.000628
448 0.000625
452 0.000640
456 0.000624
460 0.000574
464 0.000505
468 0.000442
472 0.000385
476 0.000351
480 0.000391
484 0.000564
488 0.000725
492 0.000684
496 0.000499
500 0.000312
504 0.000182
508 0.000113
512 0.000083
516 0.000065
520 0.000049
524 0.000038
528 0.000035
532 0.000057
536 0.000239
540 0.000935
544 0.001643
548 0.001192
552 0.000517
556 0.000182
560 0.000057
564 0.000027
568 0.000021
572 0.000045
576 0.000130
580 0.000254
584 0.000393
588 0.000445
592 0.000355
596 0.000233
600 0.000167
604 0.000230
608 0.000804
612 0.001278
616 0.000950
620 0.000576
624 0.000403
628 0.000300
632 0.000218
636 0.000106
640 0.000057
644 0.000063
648 0.000083
652 0.000087
656 0.000060
660 0.000053
664 0.000053
668 0.000052
672 0.000048
676 0.000048
680 0.000048
684 0.000044
688 0.000046
692 0.000036
696 0.000027
700 0.000023
704 0.000068
708 0.000116
712 0.000091
716 0.000033
720 0.000009
724 0.000009
728 0.000003
732 0.000004
736 0.000011
740 0.000010
744 0.000009
748 0.000006
752 0.000008
756 0.000001
760 0.000001
764 0.000019
768 0.000006
772 0.000009
776 0.000007
780 0.000005
