380 0.000000
384 0.000000
388 0.000001
392 0.000003
396 0.000008
400 0.000014
404 0.000028
408 0.000034
412 0.000037
416 0.000052
420 0.000088
424 0.000136
428 0.000202
432 0.000383
436 0.000595
440 0.000521
444 0.000425
448 0.000425
452 0.000433
456 0.000421
460 0.000387
464 0.000342
468 0.000298
472 0.000260
476 0.000232
480 0.000256
484 0.000364
488 0.000463
492 0.000431
496 0.000313
500 0.000191
504 0.000110
508 0.000070
512 0.000052
516 0.000039
520 0.000029
524 0.000022
528 0.000021
532 0.000033
536 0.000139
540 0.000543
544 0.000948
548 0.000691
552 0.000301
556 0.000105
560 0.000034
564 0.000015
568 0.000013
572 0.000027
576 0.000077
580 0.000153
584 0.000245
588 0.000279
592 0.000228
596 0.000152
600 0.000109
604 0.000154
608 0.000525
612 0.000835
616 0.000623
620 0.000380
624 0.000266
628 0.000197
632 0.000143
636 0.000071
640 0.000038
644 0.000042
648 0.000054
652 0.000054
656 0.000037
660 0.000031
664 0.000038
668 0.000038
672 0.000033
676 0.000030
680 0.000030
684 0.000029
688 0.000030
692 0.000025
696 0.000015
700 0.000014
704 0.000041
708 0.000078
712 0.000059
716 0.000022
720 0.000005
724 0.000001
728 0.000001
732 0.000002
736 0.000006
740 0.000003
744 0.000004
748 0.000006
752 0.000003
756 0.000003
760 0.000011
764 0.000008
768 0.000002
772 0.000001
776 0.000006
780 0.000004
