380 0.000002
384 0.000002
388 0.000013
392 0.000005
396 0.000018
400 0.000017
404 0.000039
408 0.000046
412 0.000060
416 0.000089
420 0.000164
424 0.000273
428 0.000436
432 0.000852
436 0.001349
440 0.001197
444 0.000989
448 0.001003
452 0.001024
456 0.001007
460 0.000929
464 0.000825
468 0.000719
472 0.000637
476 0.000571
480 0.000648
484 0.000948
488 0.001215
492 0.001147
496 0.000842
500 0.000525
504 0.000305
508 0.000196
512 0.000145
516 0.000117
520 0.000085
524 0.000067
528 0.000062
532 0.000096
536 0.000418
540 0.001657
544 0.002902
548 0.002109
552 0.000912
556 0.000319
560 0.000102
564 0.000046
568 0.000042
572 0.000078
576 0.000194
580 0.000322
584 0.000362
588 0.000313
592 0.000196
596 0.000102
600 0.000052
604 0.000037
608 0.000082
612 0.000104
616 0.000068
620 0.000030
624 0.000018
628 0.000010
632 0.000009
636 0.000004
640 0.000001
644 0.000003
648 0.000002
652 0.000004
656 0.000004
660 0.000001
664 0.000002
668 0.000003
672 0.000003
676 0.000001
680 0.000005
684 0.000006
688 0.000006
692 0.000002
696 0.000008
700 0.000008
704 0.000009
708 0.000012
712 0.000002
716 0.000007
720 0.000005
724 0.000003
728 0.000001
732 0.000009
736 0.000010
740 0.000005
744 0.000017
748 0.000002
752 0.000002
756 0.000002
760 0.000005
764 0.000005
768 0.000008
772 0.000011
776 0.000003
780 0.000003
