380 0.000002
384 0.000001
388 0.000002
392 0.000001
396 0.000007
400 0.000015
404 0.000021
408 0.000025
412 0.000027
416 0.000032
420 0.000041
424 0.000061
428 0.000091
432 0.000173
436 0.000271
440 0.000239
444 0.000197
448 0.000198
452 0.000201
456 0.000196
460 0.000179
464 0.000159
468 0.000138
472 0.000121
476 0.000111
480 0.000129
484 0.000193
488 0.000253
492 0.000242
496 0.000180
500 0.000113
504 0.000066
508 0.000043
512 0.000031
516 0.000024
520 0.000018
524 0.000014
528 0.000013
532 0.000022
536 0.000094
540 0.000371
544 0.000650
548 0.000474
552 0.000206
556 0.000072
560 0.000022
564 0.000010
568 0.000008
572 0.000018
576 0.000044
580 0.000072
584 0.000084
588 0.000076
592 0.000053
596 0.000030
600 0.000017
604 0.000013
608 0.000023
612 0.000031
616 0.000020
620 0.000010
624 0.000005
628 0.000004
632 0.000001
636 0.000001
640 0.000001
644 0.000001
648 0.000000
652 0.000001
656 0.000001
660 0.000000
664 0.000000
668 0.000001
672 0.000001
676 0.000000
680 0.000000
684 0.000001
688 0.000001
692 0.000000
696 0.000000
700 0.000000
704 0.000003
708 0.000001
712 0.000003
716 0.000000
720 0.000000
724 0.000000
728 0.000000
732 0.000000
736 0.000000
740 0.000002
744 0.000001
748 0.000001
752 0.000007
756 0.000002
760 0.000004
764 0.000004
768 0.000002
772 0.000005
776 0.000004
780 0.000003
