380 0.000031
384 0.000053
388 0.000012
392 0.000005
396 0.000017
400 0.000029
404 0.000063
408 0.000075
412 0.000072
416 0.000136
420 0.000277
424 0.000498
428 0.000786
432 0.001544
436 0.002453
440 0.002195
444 0.001858
448 0.001897
452 0.001977
456 0.001977
460 0.001849
464 0.001666
468 0.001484
472 0.001309
476 0.001205
480 0.001399
484 0.002082
488 0.002698
492 0.002576
496 0.001917
500 0.001238
504 0.000740
508 0.000481
512 0.000348
516 0.000279
520 0.000204
524 0.000173
528 0.000155
532 0.000269
536 0.001152
540 0.004618
544 0.008081
548 0.005876
552 0.002544
556 0.000898
560 0.000289
564 0.000131
568 0.000103
572 0.000240
576 0.000646
580 0.001219
584 0.001739
588 0.001843
592 0.001405
596 0.000884
600 0.000620
604 0.000850
608 0.002917
612 0.004619
616 0.003406
620 0.002044
624 0.001437
628 0.001081
632 0.000791
636 0.000377
640 0.000206
644 0.000234
648 0.000297
652 0.000311
656 0.000211
660 0.000203
664 0.000215
668 0.000192
672 0.000179
676 0.000161
680 0.000182
684 0.000173
688 0.000169
692 0.000149
696 0.000076
700 0.000095
704 0.000275
708 0.000506
712 0.000345
716 0.000124
720 0.000041
724 0.000015
728 0.000027
732 0.000003
736 0.000003
740 0.000013
744 0.000034
748 0.000048
752 0.000035
756 0.000049
760 0.000057
764 0.000038
768 0.000021
772 0.000005
776 0.000009
780 0.000008
