380 0.000009
384 0.000007
388 0.000006
392 0.000005
396 0.000011
400 0.000013
404 0.000030
408 0.000036
412 0.000042
416 0.000057
420 0.000105
424 0.000153
428 0.000220
432 0.000397
436 0.000606
440 0.000528
444 0.000414
448 0.000413
452 0.000412
456 0.000400
460 0.000367
464 0.000326
468 0.000281
472 0.000251
476 0.000241
480 0.000300
484 0.000477
488 0.000648
492 0.000642
496 0.000488
500 0.000317
504 0.000188
508 0.000124
512 0.000095
516 0.000077
520 0.000056
524 0.000045
528 0.000039
532 0.000070
536 0.000306
540 0.001209
544 0.002127
548 0.001550
552 0.000676
556 0.000238
560 0.000077
564 0.000032
568 0.000033
572 0.000064
576 0.000191
580 0.000422
584 0.000743
588 0.000906
592 0.000759
596 0.000520
600 0.000387
604 0.000569
608 0.002038
612 0.003267
616 0.002432
620 0.001469
624 0.001044
628 0.000779
632 0.000563
636 0.000277
640 0.000155
644 0.000169
648 0.000215
652 0.000218
656 0.000150
660 0.000135
664 0.000156
668 0.000146
672 0.000128
676 0.000124
680 0.000132
684 0.000123
688 0.000118
692 0.000094
696 0.000052
700 0.000058
704 0.000172
708 0.000309
712 0.000233
716 0.000090
720 0.000022
724 0.000011
728 0.000017
732 0.000021
736 0.000015
740 0.000016
744 0.000034
748 0.000021
752 0.000014
756 0.000017
760 0.000021
764 0.000029
768 0.000009
772 0.000020
776 0.000016
780 0.000024
