380 0.000006
384 0.000003
388 0.000019
392 0.000002
396 0.000009
400 0.000030
404 0.000046
408 0.000048
412 0.000073
416 0.000114
420 0.000249
424 0.000434
428 0.000704
432 0.001375
436 0.002195
440 0.001951
444 0.001636
448 0.001656
452 0.001708
456 0.001692
460 0.001570
464 0.001400
468 0.001217
472 0.001076
476 0.000972
480 0.001085
484 0.001542
488 0.001958
492 0.001829
496 0.001330
500 0.000828
504 0.000481
508 0.000302
512 0.000225
516 0.000182
520 0.000129
524 0.000104
528 0.000087
532 0.000141
536 0.000612
540 0.002415
544 0.004231
548 0.003071
552 0.001328
556 0.000464
560 0.000159
564 0.000065
568 0.000049
572 0.000106
576 0.000282
580 0.000471
584 0.000530
588 0.000460
592 0.000285
596 0.000143
600 0.000081
604 0.000056
608 0.000115
612 0.000153
616 0.000101
620 0.000048
624 0.000027
628 0.000014
632 0.000008
636 0.000006
640 0.000003
644 0.000016
648 0.000003
652 0.000003
656 0.000001
660 0.000013
664 0.000002
668 0.000009
672 0.000004
676 0.000016
680 0.000001
684 0.000001
688 0.000001
692 0.000012
696 0.000005
700 0.000015
704 0.000005
708 0.000031
712 0.000010
716 0.000010
720 0.000008
724 0.000003
728 0.000005
732 0.000004
736 0.000003
740 0.000003
744 0.000007
748 0.000022
752 0.000008
756 0.000008
760 0.000014
764 0.000014
768 0.000026
772 0.000028
776 0.000005
780 0.000018
