380 0.000006
384 0.000001
388 0.000011
392 0.000003
396 0.000012
400 0.000018
404 0.000043
408 0.000051
412 0.000069
416 0.000110
420 0.000236
424 0.000397
428 0.000623
432 0.001219
436 0.001932
440 0.001714
444 0.001424
448 0.001440
452 0.001478
456 0.001454
460 0.001350
464 0.001202
468 0.001049
472 0.000917
476 0.000816
480 0.000882
484 0.001214
488 0.001510
492 0.001384
496 0.000990
500 0.000609
504 0.000349
508 0.000215
512 0.000156
516 0.000119
520 0.000086
524 0.000062
528 0.000057
532 0.000092
536 0.000380
540 0.001490
544 0.002617
548 0.001900
552 0.000819
556 0.000289
560 0.000092
564 0.000043
568 0.000035
572 0.000072
576 0.000187
580 0.000324
584 0.000424
588 0.000420
592 0.000306
596 0.000185
600 0.000119
604 0.000143
608 0.000463
612 0.000727
616 0.000533
620 0.000316
624 0.000220
628 0.000161
632 0.000119
636 0.000061
640 0.000029
644 0.000035
648 0.000044
652 0.000046
656 0.000031
660 0.000027
664 0.000027
668 0.000028
672 0.000024
676 0.000026
680 0.000028
684 0.000027
688 0.000024
692 0.000022
696 0.000013
700 0.000017
704 0.000036
708 0.000076
712 0.000049
716 0.000023
720 0.000003
724 0.000001
728 0.000012
732 0.000012
736 0.000010
740 0.000002
744 0.000001
748 0.000003
752 0.000002
756 0.000016
760 0.000013
764 0.000020
768 0.000026
772 0.000002
776 0.000007
780 0.000005
