380 0.000003
384 0.000015
388 0.000002
392 0.000011
396 0.000005
400 0.000021
404 0.000027
408 0.000034
412 0.000039
416 0.000054
420 0.000088
424 0.000137
428 0.000198
432 0.000364
436 0.000561
440 0.000483
444 0.000387
448 0.000383
452 0.000384
456 0.000375
460 0.000340
464 0.000300
468 0.000264
472 0.000231
476 0.000228
480 0.000296
484 0.000484
488 0.000668
492 0.000665
496 0.000513
500 0.000336
504 0.000204
508 0.000132
512 0.000101
516 0.000081
520 0.000063
524 0.000048
528 0.000046
532 0.000079
536 0.000335
540 0.001338
544 0.002358
548 0.001720
552 0.000750
556 0.000264
560 0.000084
564 0.000041
568 0.000033
572 0.000071
576 0.000202
580 0.000424
584 0.000718
588 0.000849
592 0.000701
596 0.000475
600 0.000353
604 0.000504
608 0.001791
612 0.002872
616 0.002138
620 0.001290
624 0.000915
628 0.000680
632 0.000494
636 0.000240
640 0.000131
644 0.000149
648 0.000189
652 0.000192
656 0.000132
660 0.000117
664 0.000137
668 0.000127
672 0.000110
676 0.000111
680 0.000113
684 0.000104
688 0.000101
692 0.000084
696 0.000055
700 0.000056
704 0.000152
708 0.000268
712 0.000201
716 0.000082
720 0.000025
724 0.000008
728 0.000009
732 0.000011
736 0.000006
740 0.000015
744 0.000012
748 0.000008
752 0.000007
756 0.000007
760 0.000017
764 0.000014
768 0.000006
772 0.000028
776 0.000023
780 0.000020
