380 0.000021
384 0.000010
388 0.000023
392 0.000002
396 0.000007
400 0.000012
404 0.000036
408 0.000048
412 0.000052
416 0.000107
420 0.000215
424 0.000384
428 0.000595
432 0.001160
436 0.001844
440 0.001638
444 0.001372
448 0.001383
452 0.001421
456 0.001396
460 0.001297
464 0.001157
468 0.001006
472 0.000876
476 0.000786
480 0.000856
484 0.001186
488 0.001483
492 0.001366
496 0.000979
500 0.000606
504 0.000350
508 0.000218
512 0.000154
516 0.000120
520 0.000094
524 0.000067
528 0.000059
532 0.000093
536 0.000391
540 0.001545
544 0.002734
548 0.001981
552 0.000861
556 0.000301
560 0.000095
564 0.000045
568 0.000036
572 0.000074
576 0.000191
580 0.000320
584 0.000392
588 0.000368
592 0.000261
596 0.000149
600 0.000085
604 0.000098
608 0.000284
612 0.000446
616 0.000331
620 0.000194
624 0.000123
628 0.000095
632 0.000067
636 0.000031
640 0.000020
644 0.000022
648 0.000026
652 0.000031
656 0.000021
660 0.000014
664 0.000016
668 0.000019
672 0.000021
676 0.000017
680 0.000016
684 0.000017
688 0.000016
692 0.000018
696 0.000003
700 0.000003
704 0.000022
708 0.000054
712 0.000033
716 0.000012
720 0.000002
724 0.000003
728 0.000001
732 0.000008
736 0.000005
740 0.000009
744 0.000004
748 0.000005
752 0.000041
756 0.000008
760 0.000018
764 0.000007
768 0.000003
772 0.000002
776 0.000005
780 0.000004
