380 0.000025
384 0.000010
388 0.000001
392 0.000004
396 0.000014
400 0.000016
404 0.000033
408 0.000045
412 0.000046
416 0.000054
420 0.000081
424 0.000133
428 0.000179
432 0.000325
436 0.000507
440 0.000432
444 0.000348
448 0.000333
452 0.000338
456 0.000330
460 0.000302
464 0.000263
468 0.000231
472 0.000217
476 0.000224
480 0.000325
484 0.000573
488 0.000816
492 0.000837
496 0.000650
500 0.000440
504 0.000267
508 0.000181
512 0.000142
516 0.000116
520 0.000086
524 0.000068
528 0.000065
532 0.000114
536 0.000483
540 0.001946
544 0.003446
548 0.002508
552 0.001087
556 0.000390
560 0.000126
564 0.000049
568 0.000051
572 0.000101
576 0.000295
580 0.000619
584 0.001039
588 0.001238
592 0.001018
596 0.000690
600 0.000516
604 0.000731
608 0.002628
612 0.004235
616 0.003155
620 0.001903
624 0.001350
628 0.001015
632 0.000736
636 0.000354
640 0.000206
644 0.000218
648 0.000287
652 0.000286
656 0.000192
660 0.000184
664 0.000197
668 0.000197
672 0.000172
676 0.000164
680 0.000178
684 0.000163
688 0.000151
692 0.000121
696 0.000085
700 0.000086
704 0.000239
708 0.000410
712 0.000316
716 0.000119
720 0.000031
724 0.000016
728 0.000019
732 0.000016
736 0.000010
740 0.000006
744 0.000008
748 0.000015
752 0.000039
756 0.000012
760 0.000037
764 0.000031
768 0.000024
772 0.000056
776 0.000025
780 0.000016
