380 0.000001
384 0.000001
388 0.000002
392 0.000001
396 0.000007
400 0.000013
404 0.000023
408 0.000030
412 0.000032
416 0.000044
420 0.000073
424 0.000119
428 0.000177
432 0.000337
436 0.000526
440 0.000462
444 0.000382
448 0.000382
452 0.000388
456 0.000379
460 0.000348
464 0.000307
468 0.000268
472 0.000233
476 0.000215
480 0.000244
484 0.000356
488 0.000462
492 0.000437
496 0.000325
500 0.000204
504 0.000118
508 0.000076
512 0.000057
516 0.000044
520 0.000033
524 0.000027
528 0.000023
532 0.000038
536 0.000162
540 0.000633
544 0.001115
548 0.000813
552 0.000355
556 0.000124
560 0.000038
564 0.000020
568 0.000014
572 0.000030
576 0.000081
580 0.000145
584 0.000200
588 0.000203
592 0.000156
596 0.000098
600 0.000066
604 0.000082
608 0.000253
612 0.000401
616 0.000297
620 0.000177
624 0.000123
628 0.000090
632 0.000067
636 0.000035
640 0.000017
644 0.000018
648 0.000024
652 0.000024
656 0.000018
660 0.000013
664 0.000018
668 0.000016
672 0.000014
676 0.000014
680 0.000012
684 0.000015
688 0.000017
692 0.000012
696 0.000007
700 0.000006
704 0.000022
708 0.000036
712 0.000033
716 0.000012
720 0.000003
724 0.000002
728 0.000003
732 0.000003
736 0.000004
740 0.000002
744 0.000005
748 0.000007
752 0.000005
756 0.000003
760 0.000006
764 0.000012
768 0.000009
772 0.000007
776 0.000005
780 0.000003
