380 0.000001
384 0.000001
388 0.000004
392 0.000007
396 0.000014
400 0.000024
404 0.000029
408 0.000030
412 0.000037
416 0.000051
420 0.000082
424 0.000124
428 0.000188
432 0.000348
436 0.000533
440 0.000464
444 0.000375
448 0.000375
452 0.000379
456 0.000371
460 0.000340
464 0.000299
468 0.000261
472 0.000231
476 0.000218
480 0.000264
484 0.000411
488 0.000550
492 0.000540
496 0.000406
500 0.000260
504 0.000153
508 0.000101
512 0.000077
516 0.000062
520 0.000045
524 0.000035
528 0.000031
532 0.000056
536 0.000237
540 0.000945
544 0.001662
548 0.001215
552 0.000530
556 0.000187
560 0.000059
564 0.000026
568 0.000023
572 0.000048
576 0.000137
580 0.000272
584 0.000433
588 0.000497
592 0.000403
596 0.000269
600 0.000193
604 0.000272
608 0.000946
612 0.001513
616 0.001127
620 0.000682
624 0.000481
628 0.000356
632 0.000257
636 0.000125
640 0.000066
644 0.000076
648 0.000098
652 0.000100
656 0.000066
660 0.000060
664 0.000069
668 0.000067
672 0.000058
676 0.000053
680 0.000058
684 0.000057
688 0.000055
692 0.000042
696 0.000026
700 0.000029
704 0.000078
708 0.000140
712 0.000110
716 0.000045
720 0.000014
724 0.000009
728 0.000005
732 0.000002
736 0.000005
740 0.000009
744 0.000007
748 0.000011
752 0.000005
756 0.000004
760 0.000006
764 0.000011
768 0.000003
772 0.000007
776 0.000012
780 0.000007
