380 0.000003
384 0.000002
388 0.000012
392 0.000015
396 0.000020
400 0.000024
404 0.000045
408 0.000047
412 0.000059
416 0.000108
420 0.000205
424 0.000373
428 0.000582
432 0.001144
436 0.001823
440 0.001619
444 0.001353
448 0.001373
452 0.001404
456 0.001386
460 0.001277
464 0.001137
468 0.000996
472 0.000880
476 0.000805
480 0.000920
484 0.001350
488 0.001744
492 0.001649
496 0.001215
500 0.000774
504 0.000452
508 0.000289
512 0.000217
516 0.000175
520 0.000123
524 0.000102
528 0.000094
532 0.000150
536 0.000629
540 0.002505
544 0.004425
548 0.003213
552 0.001389
556 0.000490
560 0.000158
564 0.000060
568 0.000060
572 0.000115
576 0.000297
580 0.000488
584 0.000560
588 0.000481
592 0.000301
596 0.000160
600 0.000086
604 0.000060
608 0.000123
612 0.000160
616 0.000095
620 0.000040
624 0.000013
628 0.000011
632 0.000010
636 0.000005
640 0.000010
644 0.000003
648 0.000007
652 0.000004
656 0.000002
660 0.000001
664 0.000002
668 0.000010
672 0.000005
676 0.000011
680 0.000005
684 0.000008
688 0.000005
692 0.000002
696 0.000014
700 0.000019
704 0.000011
708 0.000036
712 0.000027
716 0.000011
720 0.000012
724 0.000005
728 0.000013
732 0.000007
736 0.000005
740 0.000028
744 0.000011
748 0.000026
752 0.000036
756 0.000013
760 0.000013
764 0.000003
768 0.000004
772 0.000013
776 0.000015
780 0.000005
