380 0.000004
384 0.000016
388 0.000002
392 0.000012
396 0.000006
400 0.000013
404 0.000025
408 0.000036
412 0.000048
416 0.000066
420 0.000131
424 0.000215
428 0.000334
432 0.000643
436 0.001015
440 0.000894
444 0.000739
448 0.000742
452 0.000759
456 0.000746
460 0.000686
464 0.000609
468 0.000530
472 0.000461
476 0.000417
480 0.000467
484 0.000668
488 0.000856
492 0.000802
496 0.000586
500 0.000363
504 0.000212
508 0.000136
512 0.000101
516 0.000077
520 0.000058
524 0.000043
528 0.000041
532 0.000067
536 0.000271
540 0.001065
544 0.001877
548 0.001369
552 0.000595
556 0.000210
560 0.000066
564 0.000029
568 0.000024
572 0.000052
576 0.000132
580 0.000231
584 0.000304
588 0.000300
592 0.000219
596 0.000132
600 0.000087
604 0.000102
608 0.000318
612 0.000501
616 0.000370
620 0.000217
624 0.000151
628 0.000110
632 0.000079
636 0.000038
640 0.000022
644 0.000021
648 0.000029
652 0.000030
656 0.000022
660 0.000018
664 0.000022
668 0.000019
672 0.000016
676 0.000019
680 0.000018
684 0.000018
688 0.000017
692 0.000013
696 0.000008
700 0.000009
704 0.000027
708 0.000052
712 0.000040
716 0.000017
720 0.000004
724 0.000008
728 0.000002
732 0.000002
736 0.000005
740 0.000007
744 0.000005
748 0.000006
752 0.000007
756 0.000010
760 0.000015
764 0.000016
768 0.000005
772 0.000011
776 0.000015
780 0.000015
