380 0.000001
384 0.000000
388 0.000002
392 0.000001
396 0.000007
400 0.000012
404 0.000019
408 0.000023
412 0.000025
416 0.000029
420 0.000037
424 0.000059
428 0.000087
432 0.000164
436 0.000256
440 0.000226
444 0.000188
448 0.000187
452 0.000192
456 0.000188
460 0.000172
464 0.000152
468 0.000131
472 0.000117
476 0.000107
480 0.000126
484 0.000191
488 0.000253
492 0.000244
496 0.000181
500 0.000114
504 0.000066
508 0.000044
512 0.000033
516 0.000026
520 0.000020
524 0.000016
528 0.000013
532 0.000023
536 0.000098
540 0.000387
544 0.000683
548 0.000498
552 0.000217
556 0.000076
560 0.000024
564 0.000011
568 0.000009
572 0.000018
576 0.000046
580 0.000077
584 0.000090
588 0.000082
592 0.000058
596 0.000034
600 0.000020
604 0.000014
608 0.000029
612 0.000041
616 0.000028
620 0.000015
624 0.000008
628 0.000007
632 0.000005
636 0.000001
640 0.000001
644 0.000000
648 0.000001
652 0.000002
656 0.000001
660 0.000001
664 0.000001
668 0.000001
672 0.000000
676 0.000000
680 0.000002
684 0.000000
688 0.000000
692 0.000001
696 0.000003
700 0.000001
704 0.000000
708 0.000006
712 0.000003
716 0.000003
720 0.000000
724 0.000000
728 0.000000
732 0.000001
736 0.000003
740 0.000001
744 0.000001
748 0.000000
752 0.000000
756 0.000001
760 0.000004
764 0.000003
768 0.000001
772 0.000006
776 0.000003
780 0.000002
