380 0.000002
384 0.000000
388 0.000000
392 0.000002
396 0.000006
400 0.000014
404 0.000020
408 0.000022
412 0.000023
416 0.000028
420 0.000040
424 0.000059
428 0.000092
432 0.000174
436 0.000271
440 0.000240
444 0.000196
448 0.000200
452 0.000202
456 0.000198
460 0.000181
464 0.000160
468 0.000140
472 0.000123
476 0.000112
480 0.000130
484 0.000194
488 0.000253
492 0.000242
496 0.000179
500 0.000112
504 0.000065
508 0.000043
512 0.000031
516 0.000024
520 0.000018
524 0.000015
528 0.000014
532 0.000022
536 0.000092
540 0.000364
544 0.000642
548 0.000469
552 0.000205
556 0.000072
560 0.000022
564 0.000011
568 0.000008
572 0.000018
576 0.000044
580 0.000071
584 0.000086
588 0.000078
592 0.000056
596 0.000034
600 0.000019
604 0.000015
608 0.000028
612 0.000041
616 0.000029
620 0.000014
624 0.000009
628 0.000005
632 0.000004
636 0.000003
640 0.000001
644 0.000001
648 0.000001
652 0.000001
656 0.000001
660 0.000000
664 0.000002
668 0.000000
672 0.000000
676 0.000002
680 0.000001
684 0.000001
688 0.000001
692 0.000001
696 0.000000
700 0.000001
704 0.000003
708 0.000006
712 0.000006
716 0.000000
720 0.000000
724 0.000000
728 0.000000
732 0.000001
736 0.000001
740 0.000002
744 0.000000
748 0.000000
752 0.000002
756 0.000001
760 0.000003
764 0.000004
768 0.000005
772 0.000004
776 0.000005
780 0.000001
