380 0.000001
384 0.000001
388 0.000005
392 0.000001
396 0.000005
400 0.000014
404 0.000027
408 0.000034
412 0.000042
416 0.000066
420 0.000111
424 0.000184
428 0.000279
432 0.000527
436 0.000822
440 0.000722
444 0.000592
448 0.000590
452 0.000603
456 0.000592
460 0.000543
464 0.000480
468 0.000418
472 0.000365
476 0.000336
480 0.000381
484 0.000556
488 0.000720
492 0.000684
496 0.000503
500 0.000317
504 0.000184
508 0.000119
512 0.000087
516 0.000068
520 0.000050
524 0.000039
528 0.000036
532 0.000060
536 0.000252
540 0.000990
544 0.001742
548 0.001267
552 0.000551
556 0.000194
560 0.000060
564 0.000028
568 0.000025
572 0.000049
576 0.000133
580 0.000255
584 0.000379
588 0.000411
592 0.000324
596 0.000212
600 0.000148
604 0.000201
608 0.000676
612 0.001076
616 0.000801
620 0.000482
624 0.000340
628 0.000249
632 0.000180
636 0.000089
640 0.000048
644 0.000058
648 0.000069
652 0.000066
656 0.000050
660 0.000041
664 0.000048
668 0.000045
672 0.000040
676 0.000040
680 0.000037
684 0.000038
688 0.000038
692 0.000030
696 0.000020
700 0.000021
704 0.000055
708 0.000099
712 0.000080
716 0.000028
720 0.000003
724 0.000001
728 0.000005
732 0.000001
736 0.000003
740 0.000007
744 0.000003
748 0.000006
752 0.000003
756 0.000001
760 0.000007
764 0.000013
768 0.000003
772 0.000005
776 0.000008
780 0.000005
