380 0.000015
384 0.000005
388 0.000009
392 0.000011
396 0.000018
400 0.000017
404 0.000032
408 0.000048
412 0.000055
416 0.000077
420 0.000152
424 0.000253
428 0.000369
432 0.000686
436 0.001072
440 0.000935
444 0.000764
448 0.000762
452 0.000778
456 0.000756
460 0.000694
464 0.000612
468 0.000534
472 0.000474
476 0.000444
480 0.000535
484 0.000821
488 0.001097
492 0.001067
496 0.000808
500 0.000521
504 0.000309
508 0.000200
512 0.000151
516 0.000118
520 0.000091
524 0.000072
528 0.000064
532 0.000108
536 0.000476
540 0.001887
544 0.003320
548 0.002420
552 0.001051
556 0.000366
560 0.000118
564 0.000052
568 0.000047
572 0.000098
576 0.000280
580 0.000585
584 0.000966
588 0.001133
592 0.000926
596 0.000626
600 0.000466
604 0.000663
608 0.002366
612 0.003808
616 0.002833
620 0.001711
624 0.001209
628 0.000907
632 0.000658
636 0.000322
640 0.000182
644 0.000185
648 0.000252
652 0.000257
656 0.000175
660 0.000160
664 0.000177
668 0.000161
672 0.000146
676 0.000150
680 0.000154
684 0.000138
688 0.000134
692 0.000118
696 0.000070
700 0.000079
704 0.000210
708 0.000360
712 0.000282
716 0.000107
720 0.000025
724 0.000008
728 0.000018
732 0.000015
736 0.000015
740 0.000018
744 0.000032
748 0.000018
752 0.000023
756 0.000015
760 0.000016
764 0.000021
768 0.000022
772 0.000016
776 0.000014
780 0.000013
