380 0.000010
384 0.000004
388 0.000008
392 0.000022
396 0.000009
400 0.000020
404 0.000036
408 0.000031
412 0.000055
416 0.000073
420 0.000161
424 0.000251
428 0.000393
432 0.000767
436 0.001213
440 0.001080
444 0.000884
448 0.000898
452 0.000916
456 0.000902
460 0.000833
464 0.000737
468 0.000643
472 0.000569
476 0.000529
480 0.000619
484 0.000925
488 0.001214
492 0.001171
496 0.000872
500 0.000558
504 0.000331
508 0.000212
512 0.000157
516 0.000126
520 0.000095
524 0.000075
528 0.000066
532 0.000109
536 0.000478
540 0.001910
544 0.003370
548 0.002450
552 0.001059
556 0.000371
560 0.000124
564 0.000053
568 0.000038
572 0.000087
576 0.000223
580 0.000375
584 0.000424
588 0.000368
592 0.000234
596 0.000125
600 0.000066
604 0.000049
608 0.000089
612 0.000123
616 0.000078
620 0.000030
624 0.000018
628 0.000012
632 0.000009
636 0.000000
640 0.000003
644 0.000007
648 0.000002
652 0.000005
656 0.000006
660 0.000005
664 0.000004
668 0.000006
672 0.000001
676 0.000001
680 0.000005
684 0.000001
688 0.000001
692 0.000005
696 0.000006
700 0.000007
704 0.000007
708 0.000015
712 0.000010
716 0.000012
720 0.000012
724 0.000004
728 0.000016
732 0.000015
736 0.000008
740 0.000004
744 0.000006
748 0.000008
752 0.000003
756 0.000035
760 0.000022
764 0.000033
768 0.000018
772 0.000027
776 0.000015
780 0.000010
