380 0.000003
384 0.000001
388 0.000002
392 0.000002
396 0.000005
400 0.000015
404 0.000026
408 0.000031
412 0.000037
416 0.000045
420 0.000080
424 0.000126
428 0.000191
432 0.000355
436 0.000553
440 0.000485
444 0.000396
448 0.000399
452 0.000404
456 0.000394
460 0.000362
464 0.000320
468 0.000280
472 0.000244
476 0.000221
480 0.000246
484 0.000356
488 0.000456
492 0.000430
496 0.000314
500 0.000195
504 0.000113
508 0.000072
512 0.000053
516 0.000041
520 0.000031
524 0.000023
528 0.000022
532 0.000036
536 0.000147
540 0.000579
544 0.001018
548 0.000743
552 0.000322
556 0.000113
560 0.000037
564 0.000015
568 0.000014
572 0.000029
576 0.000080
580 0.000153
584 0.000231
588 0.000259
592 0.000207
596 0.000137
600 0.000098
604 0.000130
608 0.000438
612 0.000696
616 0.000519
620 0.000316
624 0.000220
628 0.000165
632 0.000118
636 0.000057
640 0.000031
644 0.000035
648 0.000044
652 0.000045
656 0.000031
660 0.000027
664 0.000030
668 0.000030
672 0.000026
676 0.000023
680 0.000026
684 0.000024
688 0.000023
692 0.000023
696 0.000014
700 0.000010
704 0.000036
708 0.000067
712 0.000048
716 0.000015
720 0.000005
724 0.000004
728 0.000002
732 0.000004
736 0.000002
740 0.000003
744 0.000006
748 0.000006
752 0.000005
756 0.000001
760 0.000003
764 0.000003
768 0.000003
772 0.000009
776 0.000010
780 0.000004
