380 0.000044
384 0.000024
388 0.000023
392 0.000002
396 0.000004
400 0.000029
404 0.000037
408 0.000040
412 0.000069
416 0.000134
420 0.000262
424 0.000485
428 0.000772
432 0.001505
436 0.002400
440 0.002157
444 0.001813
448 0.001861
452 0.001933
456 0.001927
460 0.001812
464 0.001620
468 0.001430
472 0.001270
476 0.001189
480 0.001367
484 0.002036
488 0.002659
492 0.002524
496 0.001877
500 0.001208
504 0.000725
508 0.000466
512 0.000345
516 0.000273
520 0.000213
524 0.000164
528 0.000157
532 0.000268
536 0.001129
540 0.004508
544 0.007972
548 0.005816
552 0.002522
556 0.000883
560 0.000277
564 0.000133
568 0.000109
572 0.000232
576 0.000634
580 0.001190
584 0.001713
588 0.001807
592 0.001372
596 0.000866
600 0.000604
604 0.000832
608 0.002840
612 0.004554
616 0.003371
620 0.002011
624 0.001428
628 0.001068
632 0.000778
636 0.000379
640 0.000217
644 0.000236
648 0.000304
652 0.000312
656 0.000228
660 0.000210
664 0.000233
668 0.000207
672 0.000181
676 0.000176
680 0.000186
684 0.000191
688 0.000180
692 0.000121
696 0.000081
700 0.000115
704 0.000285
708 0.000489
712 0.000371
716 0.000136
720 0.000039
724 0.000024
728 0.000013
732 0.000007
736 0.000009
740 0.000034
744 0.000033
748 0.000028
752 0.000058
756 0.000006
760 0.000026
764 0.000110
768 0.000029
772 0.000024
776 0.000092
780 0.000050
