380 0.000001
384 0.000000
388 0.000001
392 0.000001
396 0.000006
400 0.000013
404 0.000020
408 0.000024
412 0.000024
416 0.000028
420 0.000039
424 0.000059
428 0.000088
432 0.000165
436 0.000258
440 0.000228
444 0.000187
448 0.000189
452 0.000192
456 0.000188
460 0.000174
464 0.000154
468 0.000134
472 0.000117
476 0.000110
480 0.000129
484 0.000198
488 0.000265
492 0.000255
496 0.000191
500 0.000120
504 0.000071
508 0.000045
512 0.000034
516 0.000027
520 0.000019
524 0.000016
528 0.000015
532 0.000025
536 0.000106
540 0.000418
544 0.000738
548 0.000538
552 0.000234
556 0.000082
560 0.000025
564 0.000012
568 0.000009
572 0.000020
576 0.000050
580 0.000082
584 0.000096
588 0.000086
592 0.000059
596 0.000035
600 0.000020
604 0.000014
608 0.000024
612 0.000031
616 0.000021
620 0.000010
624 0.000004
628 0.000003
632 0.000003
636 0.000001
640 0.000001
644 0.000000
648 0.000000
652 0.000001
656 0.000001
660 0.000001
664 0.000000
668 0.000000
672 0.000001
676 0.000001
680 0.000001
684 0.000002
688 0.000001
692 0.000001
696 0.000000
700 0.000001
704 0.000001
708 0.000004
712 0.000000
716 0.000000
720 0.000002
724 0.000001
728 0.000002
732 0.000001
736 0.000001
740 0.000003
744 0.000003
748 0.000004
752 0.000004
756 0.000002
760 0.000005
764 0.000003
768 0.000002
772 0.000007
776 0.000002
780 0.000002
