380 0.000051
384 0.000054
388 0.000046
392 0.000045
396 0.000068
400 0.000091
404 0.000122
408 0.000187
412 0.000264
416 0.000346
420 0.000444
424 0.000534
428 0.000617
432 0.000694
436 0.000780
440 0.000847
444 0.000935
448 0.000998
452 0.001090
456 0.001194
460 0.001265
464 0.001326
468 0.001399
472 0.001506
476 0.001593
480 0.001715
484 0.001808
488 0.001882
492 0.001963
496 0.002064
500 0.002196
504 0.002336
508 0.002445
512 0.002523
516 0.002593
520 0.002694
524 0.002823
528 0.002967
532 0.003122
536 0.003231
540 0.003327
544 0.003406
548 0.003483
552 0.003618
556 0.003774
560 0.003949
564 0.004088
568 0.004200
572 0.004292
576 0.004371
580 0.004465
584 0.004592
588 0.004733
592 0.004889
596 0.005060
600 0.005206
604 0.005324
608 0.005416
612 0.005481
616 0.005580
620 0.005672
624 0.005802
628 0.005941
632 0.006111
636 0.006273
640 0.006436
644 0.006586
648 0.006671
652 0.006708
656 0.006770
660 0.006810
664 0.006900
668 0.007051
672 0.007205
676 0.007380
680 0.007563
684 0.007690
688 0.007823
692 0.007874
696 0.007876
700 0.007920
704 0.007910
708 0.007973
712 0.008063
716 0.008176
720 0.008282
724 0.008516
728 0.008652
732 0.008798
736 0.008958
740 0.009054
744 0.009045
748 0.009011
752 0.009012
756 0.008954
760 0.008953
764 0.008938
768 0.008988
772 0.009043
776 0.009050
780 0.009198
