380 0.000054
384 0.000041
388 0.000034
392 0.000055
396 0.000066
400 0.000095
404 0.000134
408 0.000199
412 0.000282
416 0.000365
420 0.000468
424 0.000579
428 0.000669
432 0.000754
436 0.000837
440 0.000904
444 0.000984
448 0.001055
452 0.001153
456 0.001257
460 0.001339
464 0.001411
468 0.001474
472 0.001591
476 0.001683
480 0.001802
484 0.001897
488 0.001974
492 0.002055
496 0.002165
500 0.002306
504 0.002443
508 0.002553
512 0.002634
516 0.002714
520 0.002813
524 0.002942
528 0.003095
532 0.003258
536 0.003364
540 0.003468
544 0.003541
548 0.003627
552 0.003774
556 0.003932
560 0.004102
564 0.004253
568 0.004371
572 0.004458
576 0.004538
580 0.004639
584 0.004773
588 0.004911
592 0.005074
596 0.005241
600 0.005386
604 0.005500
608 0.005600
612 0.005654
616 0.005755
620 0.005846
624 0.005966
628 0.006099
632 0.006270
636 0.006426
640 0.006581
644 0.006724
648 0.006804
652 0.006831
656 0.006887
660 0.006923
664 0.007003
668 0.007141
672 0.007288
676 0.007452
680 0.007635
684 0.007748
688 0.007876
692 0.007923
696 0.007917
700 0.007940
704 0.007923
708 0.007973
712 0.008057
716 0.008167
720 0.008276
724 0.008476
728 0.008617
732 0.008746
736 0.008889
740 0.008957
744 0.008946
748 0.008900
752 0.008933
756 0.008866
760 0.008870
764 0.008817
768 0.008876
772 0.008937
776 0.009002
780 0.009113
