380 0.000027
384 0.000041
388 0.000047
392 0.000058
396 0.000076
400 0.000102
404 0.000136
408 0.000199
412 0.000294
416 0.000393
420 0.000503
424 0.000626
428 0.000720
432 0.000803
436 0.000895
440 0.000966
444 0.001048
448 0.001121
452 0.001225
456 0.001333
460 0.001410
464 0.001475
468 0.001541
472 0.001665
476 0.001760
480 0.001889
484 0.001989
488 0.002060
492 0.002144
496 0.002240
500 0.002395
504 0.002544
508 0.002657
512 0.002739
516 0.002816
520 0.002933
524 0.003065
528 0.003217
532 0.003382
536 0.003503
540 0.003603
544 0.003681
548 0.003774
552 0.003921
556 0.004084
560 0.004262
564 0.004418
568 0.004534
572 0.004626
576 0.004706
580 0.004804
584 0.004946
588 0.005083
592 0.005248
596 0.005419
600 0.005564
604 0.005675
608 0.005772
612 0.005832
616 0.005933
620 0.006025
624 0.006146
628 0.006285
632 0.006455
636 0.006611
640 0.006768
644 0.006919
648 0.006993
652 0.007024
656 0.007082
660 0.007120
664 0.007193
668 0.007338
672 0.007498
676 0.007666
680 0.007842
684 0.007971
688 0.008093
692 0.008143
696 0.008135
700 0.008158
704 0.008146
708 0.008182
712 0.008277
716 0.008372
720 0.008499
724 0.008707
728 0.008848
732 0.008987
736 0.009146
740 0.009219
744 0.009193
748 0.009140
752 0.009168
756 0.009102
760 0.009100
764 0.009069
768 0.009069
772 0.009141
776 0.009166
780 0.009322
