380 0.000069
384 0.000063
388 0.000034
392 0.000055
396 0.000067
400 0.000104
404 0.000136
408 0.000206
412 0.000289
416 0.000367
420 0.000470
424 0.000576
428 0.000659
432 0.000744
436 0.000831
440 0.000903
444 0.000976
448 0.001050
452 0.001146
456 0.001246
460 0.001321
464 0.001388
468 0.001460
472 0.001575
476 0.001663
480 0.001792
484 0.001886
488 0.001963
492 0.002052
496 0.002147
500 0.002288
504 0.002429
508 0.002553
512 0.002633
516 0.002706
520 0.002815
524 0.002947
528 0.003106
532 0.003263
536 0.003377
540 0.003481
544 0.003555
548 0.003642
552 0.003781
556 0.003945
560 0.004124
564 0.004283
568 0.004393
572 0.004487
576 0.004572
580 0.004668
584 0.004799
588 0.004949
592 0.005110
596 0.005279
600 0.005424
604 0.005543
608 0.005640
612 0.005693
616 0.005803
620 0.005893
624 0.006013
628 0.006157
632 0.006323
636 0.006479
640 0.006636
644 0.006780
648 0.006859
652 0.006892
656 0.006950
660 0.006993
664 0.007071
668 0.007207
672 0.007358
676 0.007526
680 0.007712
684 0.007837
688 0.007957
692 0.007989
696 0.008001
700 0.008014
704 0.007994
708 0.008054
712 0.008149
716 0.008265
720 0.008376
724 0.008586
728 0.008714
732 0.008841
736 0.009001
740 0.009086
744 0.009083
748 0.009011
752 0.009067
756 0.008968
760 0.008967
764 0.008950
768 0.008967
772 0.009025
776 0.009068
780 0.009218
