380 0.000042
384 0.000051
388 0.000044
392 0.000050
396 0.000062
400 0.000084
404 0.000122
408 0.000191
412 0.000269
416 0.000350
420 0.000467
424 0.000555
428 0.000653
432 0.000737
436 0.000819
440 0.000892
444 0.000965
448 0.001041
452 0.001137
456 0.001243
460 0.001315
464 0.001380
468 0.001450
472 0.001558
476 0.001650
480 0.001779
484 0.001875
488 0.001944
492 0.002028
496 0.002131
500 0.002267
504 0.002402
508 0.002523
512 0.002608
516 0.002681
520 0.002789
524 0.002921
528 0.003076
532 0.003234
536 0.003344
540 0.003449
544 0.003528
548 0.003613
552 0.003760
556 0.003921
560 0.004097
564 0.004252
568 0.004368
572 0.004456
576 0.004536
580 0.004638
584 0.004778
588 0.004912
592 0.005071
596 0.005247
600 0.005396
604 0.005502
608 0.005603
612 0.005663
616 0.005761
620 0.005855
624 0.005980
628 0.006117
632 0.006289
636 0.006448
640 0.006597
644 0.006744
648 0.006826
652 0.006860
656 0.006921
660 0.006954
664 0.007035
668 0.007176
672 0.007319
676 0.007494
680 0.007675
684 0.007806
688 0.007934
692 0.007965
696 0.007994
700 0.008010
704 0.007994
708 0.008053
712 0.008154
716 0.008263
720 0.008378
724 0.008583
728 0.008714
732 0.008876
736 0.009026
740 0.009122
744 0.009116
748 0.009052
752 0.009076
756 0.008992
760 0.009030
764 0.008985
768 0.009038
772 0.009091
776 0.009125
780 0.009280
