380 0.000004
384 0.000015
388 0.000004
392 0.000010
396 0.000006
400 0.000006
404 0.000024
408 0.000028
412 0.000046
416 0.000095
420 0.000207
424 0.000389
428 0.000619
432 0.001227
436 0.001937
440 0.001710
444 0.001427
448 0.001449
452 0.001490
456 0.001467
460 0.001360
464 0.001213
468 0.001058
472 0.000932
476 0.000831
480 0.000903
484 0.001250
488 0.001549
492 0.001421
496 0.001013
500 0.000629
504 0.000355
508 0.000223
512 0.000164
516 0.000124
520 0.000091
524 0.000070
528 0.000064
532 0.000100
536 0.000427
540 0.001638
544 0.002812
548 0.002020
552 0.000868
556 0.000304
560 0.000097
564 0.000044
568 0.000036
572 0.000077
576 0.000190
580 0.000308
584 0.000346
588 0.000293
592 0.000184
596 0.000091
600 0.000048
604 0.000034
608 0.000077
612 0.000104
616 0.000069
620 0.000035
624 0.000029
628 0.000026
632 0.000021
636 0.000015
640 0.000010
644 0.000009
648 0.000001
652 0.000000
656 0.000000
660 0.000006
664 0.000000
668 0.000001
672 0.000001
676 0.000004
680 0.000003
684 0.000004
688 0.000003
692 0.000003
696 0.000001
700 0.000003
704 0.000004
708 0.000008
712 0.000014
716 0.000003
720 0.000001
724 0.000001
728 0.000002
732 0.000003
736 0.000001
740 0.000001
744 0.000005
748 0.000006
752 0.000002
756 0.000002
760 0.000006
764 0.000012
768 0.000005
772 0.000020
776 0.000003
780 0.000018
