380 0.000002
384 0.000006
388 0.000002
392 0.000005
396 0.000000
400 0.000004
404 0.000011
408 0.000017
412 0.000023
416 0.000039
420 0.000088
424 0.000152
428 0.000235
432 0.000454
436 0.000708
440 0.000617
444 0.000505
448 0.000505
452 0.000514
456 0.000507
460 0.000465
464 0.000413
468 0.000361
472 0.000320
476 0.000298
480 0.000348
484 0.000524
488 0.000686
492 0.000660
496 0.000489
500 0.000312
504 0.000184
508 0.000117
512 0.000089
516 0.000073
520 0.000053
524 0.000041
528 0.000038
532 0.000064
536 0.000286
540 0.001107
544 0.001894
548 0.001364
552 0.000590
556 0.000205
560 0.000067
564 0.000028
568 0.000023
572 0.000051
576 0.000141
580 0.000260
584 0.000366
588 0.000380
592 0.000288
596 0.000179
600 0.000123
604 0.000172
608 0.000577
612 0.000895
616 0.000660
620 0.000406
624 0.000288
628 0.000218
632 0.000162
636 0.000081
640 0.000043
644 0.000044
648 0.000057
652 0.000056
656 0.000039
660 0.000035
664 0.000040
668 0.000039
672 0.000031
676 0.000029
680 0.000035
684 0.000033
688 0.000034
692 0.000028
696 0.000013
700 0.000016
704 0.000050
708 0.000081
712 0.000064
716 0.000022
720 0.000005
724 0.000005
728 0.000001
732 0.000005
736 0.000005
740 0.000002
744 0.000005
748 0.000011
752 0.000004
756 0.000005
760 0.000012
764 0.000010
768 0.000018
772 0.000007
776 0.000015
780 0.000019
