380 0.000004
384 0.000003
388 0.000003
392 0.000002
396 0.000000
400 0.000004
404 0.000008
408 0.000010
412 0.000018
416 0.000037
420 0.000084
424 0.000144
428 0.000231
432 0.000449
436 0.000701
440 0.000616
444 0.000505
448 0.000512
452 0.000522
456 0.000512
460 0.000473
464 0.000420
468 0.000366
472 0.000320
476 0.000286
480 0.000314
484 0.000443
488 0.000553
492 0.000511
496 0.000368
500 0.000225
504 0.000129
508 0.000083
512 0.000060
516 0.000047
520 0.000034
524 0.000024
528 0.000022
532 0.000038
536 0.000166
540 0.000636
544 0.001090
548 0.000785
552 0.000339
556 0.000118
560 0.000038
564 0.000016
568 0.000014
572 0.000030
576 0.000077
580 0.000133
584 0.000172
588 0.000169
592 0.000120
596 0.000072
600 0.000046
604 0.000059
608 0.000188
612 0.000290
616 0.000215
620 0.000133
624 0.000099
628 0.000079
632 0.000060
636 0.000030
640 0.000017
644 0.000017
648 0.000017
652 0.000018
656 0.000013
660 0.000015
664 0.000013
668 0.000013
672 0.000011
676 0.000009
680 0.000012
684 0.000011
688 0.000011
692 0.000010
696 0.000006
700 0.000005
704 0.000017
708 0.000030
712 0.000024
716 0.000010
720 0.000003
724 0.000003
728 0.000001
732 0.000003
736 0.000002
740 0.000004
744 0.000006
748 0.000002
752 0.000005
756 0.000001
760 0.000005
764 0.000008
768 0.000002
772 0.000008
776 0.000004
780 0.000003
