380 0.000045
384 0.000013
388 0.000027
392 0.000022
396 0.000002
400 0.000008
404 0.000035
408 0.000054
412 0.000051
416 0.000117
420 0.000264
424 0.000462
428 0.000755
432 0.001527
436 0.002393
440 0.002128
444 0.001792
448 0.001851
452 0.001912
456 0.001903
460 0.001784
464 0.001607
468 0.001424
472 0.001281
476 0.001180
480 0.001361
484 0.002017
488 0.002620
492 0.002481
496 0.001840
500 0.001175
504 0.000706
508 0.000454
512 0.000332
516 0.000266
520 0.000199
524 0.000160
528 0.000152
532 0.000256
536 0.001149
540 0.004498
544 0.007762
548 0.005594
552 0.002411
556 0.000850
560 0.000277
564 0.000124
568 0.000106
572 0.000230
576 0.000630
580 0.001176
584 0.001690
588 0.001765
592 0.001335
596 0.000835
600 0.000593
604 0.000834
608 0.002857
612 0.004468
616 0.003283
620 0.001966
624 0.001401
628 0.001057
632 0.000759
636 0.000382
640 0.000208
644 0.000239
648 0.000302
652 0.000300
656 0.000214
660 0.000181
664 0.000195
668 0.000190
672 0.000178
676 0.000175
680 0.000173
684 0.000168
688 0.000151
692 0.000121
696 0.000082
700 0.000089
704 0.000262
708 0.000479
712 0.000357
716 0.000134
720 0.000080
724 0.000015
728 0.000007
732 0.000019
736 0.000008
740 0.000017
744 0.000061
748 0.000019
752 0.000056
756 0.000039
760 0.000016
764 0.000031
768 0.000064
772 0.000020
776 0.000067
780 0.000026
