380 0.000002
384 0.000002
388 0.000001
392 0.000005
396 0.000001
400 0.000010
404 0.000028
408 0.000034
412 0.000039
416 0.000087
420 0.000185
424 0.000308
428 0.000470
432 0.000918
436 0.001428
440 0.001246
444 0.001015
448 0.001022
452 0.001041
456 0.001031
460 0.000951
464 0.000848
468 0.000738
472 0.000658
476 0.000605
480 0.000715
484 0.001069
488 0.001393
492 0.001325
496 0.000991
500 0.000634
504 0.000380
508 0.000244
512 0.000186
516 0.000141
520 0.000108
524 0.000084
528 0.000077
532 0.000132
536 0.000578
540 0.002250
544 0.003879
548 0.002788
552 0.001201
556 0.000421
560 0.000133
564 0.000060
568 0.000051
572 0.000111
576 0.000303
580 0.000571
584 0.000825
588 0.000893
592 0.000681
596 0.000433
600 0.000307
604 0.000442
608 0.001520
612 0.002374
616 0.001745
620 0.001058
624 0.000753
628 0.000568
632 0.000414
636 0.000206
640 0.000112
644 0.000112
648 0.000157
652 0.000149
656 0.000104
660 0.000095
664 0.000107
668 0.000101
672 0.000096
676 0.000088
680 0.000086
684 0.000080
688 0.000082
692 0.000069
696 0.000036
700 0.000045
704 0.000128
708 0.000225
712 0.000170
716 0.000075
720 0.000023
724 0.000010
728 0.000012
732 0.000015
736 0.000016
740 0.000004
744 0.000012
748 0.000017
752 0.000005
756 0.000007
760 0.000025
764 0.000009
768 0.000027
772 0.000041
776 0.000021
780 0.000004
