380 0.000008
384 0.000018
388 0.000006
392 0.000011
396 0.000002
400 0.000007
404 0.000018
408 0.000019
412 0.000030
416 0.000048
420 0.000106
424 0.000173
428 0.000264
432 0.000501
436 0.000775
440 0.000670
444 0.000549
448 0.000543
452 0.000553
456 0.000541
460 0.000498
464 0.000444
468 0.000384
472 0.000345
476 0.000327
480 0.000405
484 0.000634
488 0.000850
492 0.000832
496 0.000631
500 0.000406
504 0.000246
508 0.000163
512 0.000121
516 0.000098
520 0.000076
524 0.000057
528 0.000054
532 0.000097
536 0.000411
540 0.001598
544 0.002746
548 0.001974
552 0.000853
556 0.000300
560 0.000097
564 0.000045
568 0.000039
572 0.000077
576 0.000220
580 0.000417
584 0.000633
588 0.000701
592 0.000545
596 0.000356
600 0.000253
604 0.000367
608 0.001271
612 0.001984
616 0.001460
620 0.000889
624 0.000637
628 0.000474
632 0.000347
636 0.000168
640 0.000095
644 0.000101
648 0.000131
652 0.000130
656 0.000090
660 0.000081
664 0.000088
668 0.000089
672 0.000077
676 0.000077
680 0.000077
684 0.000069
688 0.000069
692 0.000057
696 0.000041
700 0.000037
704 0.000101
708 0.000182
712 0.000145
716 0.000047
720 0.000021
724 0.000012
728 0.000015
732 0.000012
736 0.000017
740 0.000019
744 0.000012
748 0.000013
752 0.000010
756 0.000010
760 0.000015
764 0.000021
768 0.000012
772 0.000025
776 0.000016
780 0.000005
