380 0.000009
384 0.000012
388 0.000006
392 0.000001
396 0.000003
400 0.000002
404 0.000010
408 0.000016
412 0.000025
416 0.000055
420 0.000124
424 0.000215
428 0.000338
432 0.000659
436 0.001032
440 0.000906
444 0.000748
448 0.000752
452 0.000770
456 0.000758
460 0.000697
464 0.000620
468 0.000541
472 0.000475
476 0.000430
480 0.000480
484 0.000684
488 0.000867
492 0.000809
496 0.000588
500 0.000366
504 0.000212
508 0.000135
512 0.000101
516 0.000075
520 0.000055
524 0.000046
528 0.000041
532 0.000069
536 0.000286
540 0.001109
544 0.001900
548 0.001367
552 0.000590
556 0.000205
560 0.000066
564 0.000028
568 0.000024
572 0.000051
576 0.000136
580 0.000230
584 0.000291
588 0.000277
592 0.000192
596 0.000113
600 0.000071
604 0.000089
608 0.000275
612 0.000421
616 0.000311
620 0.000186
624 0.000136
628 0.000106
632 0.000081
636 0.000044
640 0.000024
644 0.000025
648 0.000028
652 0.000027
656 0.000020
660 0.000015
664 0.000018
668 0.000016
672 0.000014
676 0.000011
680 0.000016
684 0.000013
688 0.000014
692 0.000009
696 0.000011
700 0.000009
704 0.000028
708 0.000046
712 0.000031
716 0.000012
720 0.000002
724 0.000005
728 0.000001
732 0.000001
736 0.000001
740 0.000003
744 0.000003
748 0.000004
752 0.000009
756 0.000001
760 0.000006
764 0.000010
768 0.000015
772 0.000014
776 0.000006
780 0.000006
