380 0.000002
384 0.000004
388 0.000004
392 0.000000
396 0.000000
400 0.000002
404 0.000008
408 0.000011
412 0.000012
416 0.000028
420 0.000061
424 0.000109
428 0.000172
432 0.000337
436 0.000527
440 0.000458
444 0.000380
448 0.000382
452 0.000390
456 0.000384
460 0.000356
464 0.000318
468 0.000280
472 0.000244
476 0.000223
480 0.000256
484 0.000378
488 0.000490
492 0.000463
496 0.000344
500 0.000215
504 0.000126
508 0.000082
512 0.000061
516 0.000048
520 0.000035
524 0.000029
528 0.000026
532 0.000043
536 0.000186
540 0.000724
544 0.001248
548 0.000899
552 0.000388
556 0.000135
560 0.000042
564 0.000020
568 0.000016
572 0.000034
576 0.000085
580 0.000141
584 0.000168
588 0.000150
592 0.000099
596 0.000052
600 0.000032
604 0.000033
608 0.000091
612 0.000134
616 0.000099
620 0.000058
624 0.000047
628 0.000040
632 0.000031
636 0.000018
640 0.000010
644 0.000010
648 0.000007
652 0.000006
656 0.000003
660 0.000003
664 0.000003
668 0.000002
672 0.000005
676 0.000006
680 0.000008
684 0.000005
688 0.000005
692 0.000001
696 0.000001
700 0.000001
704 0.000009
708 0.000015
712 0.000009
716 0.000004
720 0.000004
724 0.000004
728 0.000001
732 0.000001
736 0.000000
740 0.000001
744 0.000002
748 0.000003
752 0.000010
756 0.000003
760 0.000013
764 0.000008
768 0.000010
772 0.000005
776 0.000009
780 0.000004
