380 0.000001
384 0.000000
388 0.000000
392 0.000000
396 0.000000
400 0.000001
404 0.000006
408 0.000006
412 0.000006
416 0.000013
420 0.000028
424 0.000050
428 0.000081
432 0.000161
436 0.000253
440 0.000223
444 0.000183
448 0.000186
452 0.000189
456 0.000187
460 0.000175
464 0.000155
468 0.000138
472 0.000123
476 0.000114
480 0.000138
484 0.000211
488 0.000280
492 0.000271
496 0.000204
500 0.000131
504 0.000078
508 0.000051
512 0.000038
516 0.000030
520 0.000023
524 0.000018
528 0.000016
532 0.000029
536 0.000124
540 0.000480
544 0.000826
548 0.000597
552 0.000258
556 0.000090
560 0.000028
564 0.000013
568 0.000010
572 0.000022
576 0.000056
580 0.000090
584 0.000101
588 0.000088
592 0.000055
596 0.000028
600 0.000016
604 0.000013
608 0.000027
612 0.000037
616 0.000027
620 0.000018
624 0.000018
628 0.000020
632 0.000016
636 0.000010
640 0.000005
644 0.000003
648 0.000002
652 0.000000
656 0.000002
660 0.000000
664 0.000001
668 0.000001
672 0.000000
676 0.000001
680 0.000000
684 0.000001
688 0.000002
692 0.000001
696 0.000001
700 0.000001
704 0.000003
708 0.000006
712 0.000003
716 0.000002
720 0.000003
724 0.000001
728 0.000003
732 0.000001
736 0.000001
740 0.000001
744 0.000003
748 0.000000
752 0.000003
756 0.000001
760 0.000005
764 0.000006
768 0.000004
772 0.000012
776 0.000011
780 0.000007
