380 0.000001
384 0.000002
388 0.000000
392 0.000002
396 0.000003
400 0.000001
404 0.000003
408 0.000005
412 0.000006
416 0.000013
420 0.000033
424 0.000058
428 0.000096
432 0.000188
436 0.000291
440 0.000254
444 0.000211
448 0.000213
452 0.000218
456 0.000214
460 0.000199
464 0.000180
468 0.000158
472 0.000138
476 0.000127
480 0.000148
484 0.000220
488 0.000286
492 0.000271
496 0.000201
500 0.000127
504 0.000074
508 0.000048
512 0.000036
516 0.000028
520 0.000020
524 0.000017
528 0.000015
532 0.000026
536 0.000113
540 0.000438
544 0.000753
548 0.000543
552 0.000235
556 0.000082
560 0.000025
564 0.000011
568 0.000009
572 0.000020
576 0.000050
580 0.000082
584 0.000092
588 0.000080
592 0.000050
596 0.000025
600 0.000014
604 0.000010
608 0.000024
612 0.000034
616 0.000026
620 0.000017
624 0.000019
628 0.000019
632 0.000016
636 0.000010
640 0.000006
644 0.000001
648 0.000001
652 0.000001
656 0.000002
660 0.000001
664 0.000001
668 0.000001
672 0.000000
676 0.000000
680 0.000001
684 0.000002
688 0.000001
692 0.000000
696 0.000000
700 0.000000
704 0.000002
708 0.000003
712 0.000005
716 0.000001
720 0.000000
724 0.000000
728 0.000000
732 0.000000
736 0.000000
740 0.000001
744 0.000000
748 0.000000
752 0.000001
756 0.000001
760 0.000004
764 0.000002
768 0.000003
772 0.000007
776 0.000006
780 0.000003
