380 0.000007
384 0.000007
388 0.000001
392 0.000001
396 0.000003
400 0.000006
404 0.000016
408 0.000016
412 0.000027
416 0.000056
420 0.000117
424 0.000207
428 0.000330
432 0.000652
436 0.001020
440 0.000897
444 0.000741
448 0.000749
452 0.000768
456 0.000753
460 0.000696
464 0.000619
468 0.000540
472 0.000473
476 0.000426
480 0.000477
484 0.000679
488 0.000859
492 0.000798
496 0.000582
500 0.000362
504 0.000208
508 0.000133
512 0.000097
516 0.000074
520 0.000056
524 0.000041
528 0.000037
532 0.000065
536 0.000280
540 0.001076
544 0.001855
548 0.001332
552 0.000575
556 0.000200
560 0.000065
564 0.000029
568 0.000023
572 0.000049
576 0.000125
580 0.000202
584 0.000227
588 0.000196
592 0.000123
596 0.000060
600 0.000032
604 0.000025
608 0.000054
612 0.000072
616 0.000050
620 0.000026
624 0.000022
628 0.000021
632 0.000018
636 0.000009
640 0.000005
644 0.000003
648 0.000003
652 0.000004
656 0.000002
660 0.000002
664 0.000000
668 0.000002
672 0.000001
676 0.000000
680 0.000000
684 0.000001
688 0.000002
692 0.000001
696 0.000000
700 0.000001
704 0.000005
708 0.000008
712 0.000005
716 0.000001
720 0.000000
724 0.000000
728 0.000001
732 0.000001
736 0.000002
740 0.000005
744 0.000009
748 0.000010
752 0.000005
756 0.000004
760 0.000010
764 0.000005
768 0.000008
772 0.000013
776 0.000024
780 0.000007
