380 0.000005
384 0.000007
388 0.000008
392 0.000002
396 0.000007
400 0.000006
404 0.000018
408 0.000022
412 0.000026
416 0.000061
420 0.000102
424 0.000178
428 0.000268
432 0.000495
436 0.000765
440 0.000655
444 0.000535
448 0.000529
452 0.000538
456 0.000530
460 0.000481
464 0.000433
468 0.000375
472 0.000339
476 0.000335
480 0.000447
484 0.000752
488 0.001037
492 0.001036
496 0.000799
500 0.000517
504 0.000319
508 0.000209
512 0.000163
516 0.000130
520 0.000095
524 0.000085
528 0.000072
532 0.000132
536 0.000588
540 0.002300
544 0.003974
548 0.002858
552 0.001233
556 0.000430
560 0.000135
564 0.000063
568 0.000055
572 0.000121
576 0.000321
580 0.000621
584 0.000933
588 0.001023
592 0.000803
596 0.000520
600 0.000372
604 0.000539
608 0.001892
612 0.002959
616 0.002177
620 0.001319
624 0.000938
628 0.000708
632 0.000513
636 0.000255
640 0.000143
644 0.000158
648 0.000191
652 0.000192
656 0.000136
660 0.000122
664 0.000128
668 0.000127
672 0.000114
676 0.000120
680 0.000111
684 0.000107
688 0.000103
692 0.000079
696 0.000056
700 0.000062
704 0.000163
708 0.000294
712 0.000211
716 0.000093
720 0.000019
724 0.000018
728 0.000022
732 0.000015
736 0.000007
740 0.000012
744 0.000014
748 0.000020
752 0.000010
756 0.000011
760 0.000041
764 0.000032
768 0.000008
772 0.000017
776 0.000024
780 0.000009
