380 0.000000
384 0.000000
388 0.000000
392 0.000000
396 0.000000
400 0.000002
404 0.000004
408 0.000004
412 0.000008
416 0.000016
420 0.000035
424 0.000057
428 0.000093
432 0.000182
436 0.000284
440 0.000250
444 0.000207
448 0.000210
452 0.000213
456 0.000209
460 0.000195
464 0.000175
468 0.000155
472 0.000135
476 0.000126
480 0.000148
484 0.000224
488 0.000293
492 0.000281
496 0.000210
500 0.000132
504 0.000077
508 0.000050
512 0.000039
516 0.000031
520 0.000023
524 0.000018
528 0.000016
532 0.000028
536 0.000122
540 0.000469
544 0.000809
548 0.000584
552 0.000252
556 0.000088
560 0.000029
564 0.000012
568 0.000011
572 0.000022
576 0.000055
580 0.000089
584 0.000099
588 0.000086
592 0.000053
596 0.000027
600 0.000014
604 0.000013
608 0.000027
612 0.000038
616 0.000027
620 0.000017
624 0.000018
628 0.000019
632 0.000017
636 0.000011
640 0.000004
644 0.000004
648 0.000001
652 0.000002
656 0.000001
660 0.000000
664 0.000000
668 0.000001
672 0.000001
676 0.000001
680 0.000002
684 0.000000
688 0.000001
692 0.000000
696 0.000000
700 0.000000
704 0.000002
708 0.000004
712 0.000002
716 0.000002
720 0.000001
724 0.000001
728 0.000001
732 0.000001
736 0.000001
740 0.000001
744 0.000000
748 0.000003
752 0.000002
756 0.000005
760 0.000009
764 0.000009
768 0.000007
772 0.000003
776 0.000001
780 0.000002
