380 0.000002
384 0.000005
388 0.000005
392 0.000006
396 0.000009
400 0.000006
404 0.000011
408 0.000017
412 0.000038
416 0.000061
420 0.000130
424 0.000262
428 0.000408
432 0.000794
436 0.001237
440 0.001095
444 0.000904
448 0.000914
452 0.000938
456 0.000924
460 0.000857
464 0.000758
468 0.000665
472 0.000592
476 0.000544
480 0.000657
484 0.000993
488 0.001311
492 0.001256
496 0.000933
500 0.000601
504 0.000359
508 0.000235
512 0.000179
516 0.000135
520 0.000103
524 0.000079
528 0.000074
532 0.000135
536 0.000568
540 0.002222
544 0.003821
548 0.002746
552 0.001190
556 0.000413
560 0.000133
564 0.000063
568 0.000049
572 0.000107
576 0.000262
580 0.000424
584 0.000478
588 0.000408
592 0.000253
596 0.000126
600 0.000068
604 0.000051
608 0.000110
612 0.000146
616 0.000095
620 0.000042
624 0.000031
628 0.000032
632 0.000025
636 0.000013
640 0.000004
644 0.000008
648 0.000006
652 0.000004
656 0.000008
660 0.000007
664 0.000003
668 0.000005
672 0.000001
676 0.000005
680 0.000008
684 0.000008
688 0.000005
692 0.000001
696 0.000002
700 0.000004
704 0.000010
708 0.000014
712 0.000021
716 0.000019
720 0.000010
724 0.000014
728 0.000007
732 0.000015
736 0.000009
740 0.000006
744 0.000010
748 0.000019
752 0.000030
756 0.000003
760 0.000016
764 0.000022
768 0.000006
772 0.000029
776 0.000011
780 0.000025
