380 0.000020
384 0.000009
388 0.000007
392 0.000002
396 0.000006
400 0.000021
404 0.000023
408 0.000026
412 0.000044
416 0.000088
420 0.000213
424 0.000379
428 0.000606
432 0.001203
436 0.001895
440 0.001678
444 0.001397
448 0.001415
452 0.001457
456 0.001433
460 0.001330
464 0.001189
468 0.001034
472 0.000916
476 0.000843
480 0.000993
484 0.001466
488 0.001895
492 0.001801
496 0.001335
500 0.000849
504 0.000503
508 0.000322
512 0.000235
516 0.000190
520 0.000146
524 0.000116
528 0.000104
532 0.000181
536 0.000779
540 0.003026
544 0.005193
548 0.003723
552 0.001599
556 0.000559
560 0.000180
564 0.000087
568 0.000066
572 0.000143
576 0.000359
580 0.000584
584 0.000660
588 0.000556
592 0.000345
596 0.000171
600 0.000098
604 0.000075
608 0.000147
612 0.000196
616 0.000123
620 0.000055
624 0.000040
628 0.000031
632 0.000018
636 0.000015
640 0.000006
644 0.000010
648 0.000013
652 0.000005
656 0.000009
660 0.000010
664 0.000002
668 0.000010
672 0.000007
676 0.000002
680 0.000007
684 0.000001
688 0.000015
692 0.000010
696 0.000005
700 0.000008
704 0.000017
708 0.000030
712 0.000024
716 0.000012
720 0.000012
724 0.000004
728 0.000015
732 0.000007
736 0.000002
740 0.000004
744 0.000013
748 0.000014
752 0.000024
756 0.000003
760 0.000008
764 0.000008
768 0.000005
772 0.000019
776 0.000004
780 0.000004
