380 0.000189
384 0.000340
388 0.000490
392 0.001101
396 0.001545
400 0.001819
404 0.001574
408 0.001202
412 0.000852
416 0.000621
420 0.000508
424 0.000481
428 0.000481
432 0.000505
436 0.000549
440 0.000579
444 0.000617
448 0.000656
452 0.000715
456 0.000774
460 0.000816
464 0.000857
468 0.000896
472 0.000964
476 0.001026
480 0.001098
484 0.001154
488 0.001197
492 0.001248
496 0.001305
500 0.001387
504 0.001471
508 0.001542
512 0.001590
516 0.001632
520 0.001693
524 0.001770
528 0.001863
532 0.001953
536 0.002021
540 0.002082
544 0.002128
548 0.002173
552 0.002256
556 0.002354
560 0.002459
564 0.002559
568 0.002631
572 0.002701
576 0.002777
580 0.002875
584 0.003036
588 0.003228
592 0.003420
596 0.003539
600 0.003518
604 0.003436
608 0.003407
612 0.003396
616 0.003431
620 0.003478
624 0.003551
628 0.003626
632 0.003718
636 0.003814
640 0.003905
644 0.003984
648 0.004035
652 0.004053
656 0.004090
660 0.004102
664 0.004154
668 0.004234
672 0.004326
676 0.004430
680 0.004526
684 0.004593
688 0.004666
692 0.004689
696 0.004699
700 0.004704
704 0.004695
708 0.004728
712 0.004778
716 0.004835
720 0.004897
724 0.005014
728 0.005090
732 0.005179
736 0.005271
740 0.005314
744 0.005316
748 0.005291
752 0.005306
756 0.005246
760 0.005244
764 0.005248
768 0.005253
772 0.005322
776 0.005336
780 0.005431
