380 0.000006
384 0.000002
388 0.000005
392 0.000004
396 0.000002
400 0.000007
404 0.000013
408 0.000022
412 0.000029
416 0.000056
420 0.000120
424 0.000203
428 0.000317
432 0.000604
436 0.000951
440 0.000837
444 0.000687
448 0.000688
452 0.000703
456 0.000689
460 0.000635
464 0.000563
468 0.000495
472 0.000430
476 0.000382
480 0.000419
484 0.000584
488 0.000740
492 0.000684
496 0.000500
500 0.000306
504 0.000178
508 0.000111
512 0.000082
516 0.000065
520 0.000046
524 0.000038
528 0.000031
532 0.000051
536 0.000206
540 0.000820
544 0.001456
548 0.001065
552 0.000465
556 0.000164
560 0.000053
564 0.000022
568 0.000019
572 0.000041
576 0.000120
580 0.000242
584 0.000395
588 0.000460
592 0.000375
596 0.000250
600 0.000181
604 0.000260
608 0.000915
612 0.001480
616 0.001109
620 0.000680
624 0.000484
628 0.000368
632 0.000270
636 0.000137
640 0.000076
644 0.000074
648 0.000098
652 0.000095
656 0.000067
660 0.000059
664 0.000067
668 0.000064
672 0.000055
676 0.000056
680 0.000056
684 0.000052
688 0.000052
692 0.000040
696 0.000026
700 0.000026
704 0.000076
708 0.000138
712 0.000105
716 0.000039
720 0.000009
724 0.000003
728 0.000012
732 0.000005
736 0.000013
740 0.000002
744 0.000007
748 0.000005
752 0.000009
756 0.000006
760 0.000002
764 0.000014
768 0.000013
772 0.000006
776 0.000009
780 0.000004
