380 0.000002
384 0.000036
388 0.000004
392 0.000014
396 0.000007
400 0.000012
404 0.000026
408 0.000032
412 0.000060
416 0.000106
420 0.000289
424 0.000527
428 0.000856
432 0.001701
436 0.002748
440 0.002480
444 0.002110
448 0.002171
452 0.002254
456 0.002260
460 0.002127
464 0.001913
468 0.001696
472 0.001496
476 0.001334
480 0.001448
484 0.001980
488 0.002462
492 0.002246
496 0.001595
500 0.000984
504 0.000554
508 0.000339
512 0.000238
516 0.000189
520 0.000134
524 0.000106
528 0.000089
532 0.000139
536 0.000562
540 0.002216
544 0.003916
548 0.002838
552 0.001230
556 0.000429
560 0.000142
564 0.000057
568 0.000044
572 0.000099
576 0.000256
580 0.000429
584 0.000481
588 0.000417
592 0.000259
596 0.000133
600 0.000064
604 0.000057
608 0.000105
612 0.000147
616 0.000094
620 0.000050
624 0.000039
628 0.000027
632 0.000027
636 0.000012
640 0.000014
644 0.000006
648 0.000008
652 0.000002
656 0.000008
660 0.000001
664 0.000005
668 0.000004
672 0.000004
676 0.000007
680 0.000010
684 0.000005
688 0.000004
692 0.000014
696 0.000010
700 0.000001
704 0.000009
708 0.000012
712 0.000006
716 0.000003
720 0.000007
724 0.000007
728 0.000001
732 0.000004
736 0.000018
740 0.000007
744 0.000020
748 0.000006
752 0.000010
756 0.000011
760 0.000031
764 0.000007
768 0.000027
772 0.000013
776 0.000022
780 0.000026
