380 0.000000
384 0.000001
388 0.000001
392 0.000000
396 0.000000
400 0.000001
404 0.000004
408 0.000006
412 0.000010
416 0.000020
420 0.000050
424 0.000084
428 0.000133
432 0.000260
436 0.000412
440 0.000365
444 0.000300
448 0.000303
452 0.000308
456 0.000304
460 0.000282
464 0.000253
468 0.000220
472 0.000193
476 0.000170
480 0.000181
484 0.000249
488 0.000310
492 0.000287
496 0.000204
500 0.000125
504 0.000071
508 0.000044
512 0.000033
516 0.000024
520 0.000018
524 0.000014
528 0.000012
532 0.000019
536 0.000079
540 0.000309
544 0.000550
548 0.000404
552 0.000176
556 0.000061
560 0.000020
564 0.000008
568 0.000007
572 0.000014
576 0.000036
580 0.000059
584 0.000070
588 0.000063
592 0.000042
596 0.000022
600 0.000013
604 0.000012
608 0.000032
612 0.000050
616 0.000039
620 0.000027
624 0.000026
628 0.000026
632 0.000022
636 0.000014
640 0.000008
644 0.000004
648 0.000003
652 0.000002
656 0.000003
660 0.000001
664 0.000002
668 0.000001
672 0.000000
676 0.000000
680 0.000001
684 0.000002
688 0.000002
692 0.000000
696 0.000001
700 0.000002
704 0.000002
708 0.000005
712 0.000003
716 0.000002
720 0.000000
724 0.000003
728 0.000000
732 0.000001
736 0.000000
740 0.000002
744 0.000001
748 0.000002
752 0.000002
756 0.000003
760 0.000001
764 0.000007
768 0.000002
772 0.000001
776 0.000001
780 0.000006
