380 0.000015
384 0.000002
388 0.000009
392 0.000003
396 0.000004
400 0.000013
404 0.000018
408 0.000032
412 0.000042
416 0.000093
420 0.000188
424 0.000344
428 0.000557
432 0.001088
436 0.001741
440 0.001544
444 0.001293
448 0.001307
452 0.001346
456 0.001328
460 0.001231
464 0.001099
468 0.000955
472 0.000844
476 0.000750
480 0.000817
484 0.001133
488 0.001425
492 0.001321
496 0.000948
500 0.000592
504 0.000333
508 0.000213
512 0.000150
516 0.000120
520 0.000085
524 0.000065
528 0.000062
532 0.000093
536 0.000389
540 0.001531
544 0.002719
548 0.001983
552 0.000859
556 0.000298
560 0.000095
564 0.000040
568 0.000032
572 0.000070
576 0.000179
580 0.000299
584 0.000335
588 0.000289
592 0.000178
596 0.000094
600 0.000044
604 0.000038
608 0.000072
612 0.000105
616 0.000069
620 0.000040
624 0.000032
628 0.000025
632 0.000022
636 0.000016
640 0.000014
644 0.000006
648 0.000005
652 0.000003
656 0.000005
660 0.000001
664 0.000002
668 0.000002
672 0.000003
676 0.000001
680 0.000003
684 0.000005
688 0.000007
692 0.000001
696 0.000002
700 0.000003
704 0.000011
708 0.000012
712 0.000012
716 0.000005
720 0.000003
724 0.000003
728 0.000002
732 0.000003
736 0.000003
740 0.000001
744 0.000002
748 0.000002
752 0.000005
756 0.000001
760 0.000003
764 0.000003
768 0.000002
772 0.000002
776 0.000002
780 0.000030
