380 0.000004
384 0.000001
388 0.000001
392 0.000007
396 0.000001
400 0.000005
404 0.000012
408 0.000018
412 0.000024
416 0.000038
420 0.000082
424 0.000132
428 0.000199
432 0.000371
436 0.000574
440 0.000502
444 0.000407
448 0.000403
452 0.000411
456 0.000401
460 0.000369
464 0.000329
468 0.000289
472 0.000256
476 0.000228
480 0.000260
484 0.000381
488 0.000499
492 0.000476
496 0.000356
500 0.000223
504 0.000130
508 0.000084
512 0.000064
516 0.000050
520 0.000037
524 0.000027
528 0.000026
532 0.000040
536 0.000176
540 0.000706
544 0.001259
548 0.000919
552 0.000399
556 0.000142
560 0.000047
564 0.000019
568 0.000015
572 0.000036
576 0.000112
580 0.000244
584 0.000435
588 0.000530
592 0.000444
596 0.000303
600 0.000226
604 0.000326
608 0.001175
612 0.001900
616 0.001425
620 0.000870
624 0.000623
628 0.000470
632 0.000346
636 0.000173
640 0.000093
644 0.000099
648 0.000128
652 0.000125
656 0.000086
660 0.000081
664 0.000088
668 0.000083
672 0.000074
676 0.000071
680 0.000074
684 0.000069
688 0.000067
692 0.000055
696 0.000033
700 0.000031
704 0.000098
708 0.000178
712 0.000137
716 0.000052
720 0.000020
724 0.000007
728 0.000005
732 0.000010
736 0.000014
740 0.000015
744 0.000010
748 0.000010
752 0.000007
756 0.000004
760 0.000009
764 0.000006
768 0.000003
772 0.000009
776 0.000015
780 0.000007
