380 0.000000
384 0.000000
388 0.000000
392 0.000002
396 0.000001
400 0.000002
404 0.000004
408 0.000004
412 0.000007
416 0.000018
420 0.000041
424 0.000070
428 0.000113
432 0.000218
436 0.000344
440 0.000304
444 0.000252
448 0.000254
452 0.000260
456 0.000256
460 0.000236
464 0.000211
468 0.000185
472 0.000162
476 0.000145
480 0.000160
484 0.000224
488 0.000285
492 0.000266
496 0.000194
500 0.000120
504 0.000068
508 0.000044
512 0.000032
516 0.000025
520 0.000019
524 0.000014
528 0.000013
532 0.000019
536 0.000084
540 0.000338
544 0.000596
548 0.000438
552 0.000190
556 0.000066
560 0.000020
564 0.000009
568 0.000007
572 0.000015
576 0.000039
580 0.000063
584 0.000074
588 0.000064
592 0.000041
596 0.000020
600 0.000011
604 0.000009
608 0.000022
612 0.000032
616 0.000025
620 0.000018
624 0.000020
628 0.000022
632 0.000020
636 0.000013
640 0.000007
644 0.000003
648 0.000002
652 0.000001
656 0.000000
660 0.000001
664 0.000000
668 0.000001
672 0.000000
676 0.000001
680 0.000000
684 0.000000
688 0.000000
692 0.000000
696 0.000000
700 0.000001
704 0.000000
708 0.000002
712 0.000001
716 0.000001
720 0.000001
724 0.000000
728 0.000000
732 0.000000
736 0.000001
740 0.000000
744 0.000001
748 0.000002
752 0.000001
756 0.000001
760 0.000002
764 0.000001
768 0.000005
772 0.000003
776 0.000006
780 0.000003
