380 0.000004
384 0.000026
388 0.000024
392 0.000022
396 0.000005
400 0.000012
404 0.000033
408 0.000048
412 0.000067
416 0.000115
420 0.000258
424 0.000447
428 0.000732
432 0.001431
436 0.002285
440 0.002052
444 0.001721
448 0.001773
452 0.001845
456 0.001843
460 0.001731
464 0.001565
468 0.001382
472 0.001225
476 0.001125
480 0.001308
484 0.001940
488 0.002538
492 0.002408
496 0.001801
500 0.001152
504 0.000696
508 0.000440
512 0.000330
516 0.000255
520 0.000211
524 0.000165
528 0.000148
532 0.000246
536 0.001061
540 0.004266
544 0.007618
548 0.005587
552 0.002414
556 0.000852
560 0.000273
564 0.000124
568 0.000103
572 0.000229
576 0.000599
580 0.001129
584 0.001629
588 0.001740
592 0.001316
596 0.000836
600 0.000580
604 0.000798
608 0.002694
612 0.004363
616 0.003234
620 0.001946
624 0.001375
628 0.001047
632 0.000759
636 0.000371
640 0.000214
644 0.000222
648 0.000296
652 0.000286
656 0.000197
660 0.000193
664 0.000198
668 0.000192
672 0.000164
676 0.000180
680 0.000163
684 0.000155
688 0.000152
692 0.000125
696 0.000087
700 0.000073
704 0.000246
708 0.000444
712 0.000353
716 0.000115
720 0.000021
724 0.000023
728 0.000039
732 0.000024
736 0.000018
740 0.000008
744 0.000040
748 0.000043
752 0.000015
756 0.000006
760 0.000036
764 0.000081
768 0.000021
772 0.000038
776 0.000028
780 0.000026
