380 0.000003
384 0.000020
388 0.000002
392 0.000012
396 0.000009
400 0.000015
404 0.000037
408 0.000032
412 0.000053
416 0.000101
420 0.000235
424 0.000417
428 0.000656
432 0.001278
436 0.002039
440 0.001827
444 0.001518
448 0.001537
452 0.001580
456 0.001561
460 0.001453
464 0.001290
468 0.001134
472 0.000988
476 0.000877
480 0.000933
484 0.001261
488 0.001551
492 0.001415
496 0.001000
500 0.000609
504 0.000346
508 0.000212
512 0.000153
516 0.000115
520 0.000086
524 0.000061
528 0.000054
532 0.000082
536 0.000340
540 0.001346
544 0.002385
548 0.001739
552 0.000751
556 0.000262
560 0.000086
564 0.000036
568 0.000029
572 0.000063
576 0.000168
580 0.000310
584 0.000423
588 0.000439
592 0.000327
596 0.000204
600 0.000139
604 0.000180
608 0.000601
612 0.000963
616 0.000717
620 0.000438
624 0.000312
628 0.000235
632 0.000175
636 0.000088
640 0.000047
644 0.000049
648 0.000066
652 0.000061
656 0.000047
660 0.000033
664 0.000037
668 0.000034
672 0.000036
676 0.000032
680 0.000036
684 0.000034
688 0.000041
692 0.000023
696 0.000022
700 0.000023
704 0.000051
708 0.000087
712 0.000070
716 0.000033
720 0.000016
724 0.000003
728 0.000002
732 0.000004
736 0.000002
740 0.000002
744 0.000006
748 0.000006
752 0.000014
756 0.000001
760 0.000014
764 0.000014
768 0.000005
772 0.000020
776 0.000014
780 0.000009
