380 0.000000
384 0.000000
388 0.000000
392 0.000001
396 0.000005
400 0.000004
404 0.000009
408 0.000014
412 0.000018
416 0.000039
420 0.000079
424 0.000135
428 0.000210
432 0.000400
436 0.000631
440 0.000553
444 0.000454
448 0.000452
452 0.000461
456 0.000453
460 0.000418
464 0.000372
468 0.000324
472 0.000285
476 0.000249
480 0.000269
484 0.000367
488 0.000461
492 0.000423
496 0.000304
500 0.000187
504 0.000105
508 0.000066
512 0.000048
516 0.000038
520 0.000026
524 0.000020
528 0.000018
532 0.000029
536 0.000117
540 0.000463
544 0.000821
548 0.000601
552 0.000262
556 0.000091
560 0.000030
564 0.000012
568 0.000011
572 0.000023
576 0.000068
580 0.000142
584 0.000238
588 0.000284
592 0.000232
596 0.000156
600 0.000113
604 0.000165
608 0.000578
612 0.000935
616 0.000704
620 0.000434
624 0.000312
628 0.000238
632 0.000177
636 0.000091
640 0.000048
644 0.000048
648 0.000060
652 0.000061
656 0.000042
660 0.000038
664 0.000042
668 0.000040
672 0.000036
676 0.000036
680 0.000036
684 0.000034
688 0.000030
692 0.000025
696 0.000016
700 0.000014
704 0.000049
708 0.000082
712 0.000066
716 0.000025
720 0.000005
724 0.000001
728 0.000002
732 0.000003
736 0.000003
740 0.000001
744 0.000004
748 0.000005
752 0.000003
756 0.000001
760 0.000003
764 0.000004
768 0.000013
772 0.000004
776 0.000012
780 0.000003
