380 0.000002
384 0.000003
388 0.000001
392 0.000007
396 0.000000
400 0.000004
404 0.000009
408 0.000011
412 0.000017
416 0.000034
420 0.000074
424 0.000127
428 0.000196
432 0.000376
436 0.000591
440 0.000523
444 0.000431
448 0.000427
452 0.000438
456 0.000429
460 0.000397
464 0.000355
468 0.000309
472 0.000274
476 0.000240
480 0.000267
484 0.000375
488 0.000479
492 0.000448
496 0.000326
500 0.000204
504 0.000116
508 0.000075
512 0.000053
516 0.000044
520 0.000031
524 0.000024
528 0.000023
532 0.000034
536 0.000145
540 0.000569
544 0.001015
548 0.000742
552 0.000323
556 0.000113
560 0.000036
564 0.000017
568 0.000012
572 0.000027
576 0.000073
580 0.000143
584 0.000212
588 0.000233
592 0.000181
596 0.000116
600 0.000081
604 0.000113
608 0.000384
612 0.000616
616 0.000464
620 0.000285
624 0.000208
628 0.000160
632 0.000121
636 0.000062
640 0.000036
644 0.000033
648 0.000042
652 0.000040
656 0.000028
660 0.000023
664 0.000027
668 0.000026
672 0.000024
676 0.000022
680 0.000022
684 0.000020
688 0.000022
692 0.000018
696 0.000009
700 0.000009
704 0.000031
708 0.000058
712 0.000042
716 0.000015
720 0.000003
724 0.000002
728 0.000001
732 0.000003
736 0.000001
740 0.000002
744 0.000002
748 0.000000
752 0.000001
756 0.000003
760 0.000008
764 0.000007
768 0.000008
772 0.000007
776 0.000012
780 0.000005
