380 0.000007
384 0.000018
388 0.000002
392 0.000001
396 0.000002
400 0.000003
404 0.000013
408 0.000014
412 0.000023
416 0.000042
420 0.000089
424 0.000140
428 0.000214
432 0.000396
436 0.000610
440 0.000525
444 0.000423
448 0.000418
452 0.000420
456 0.000411
460 0.000377
464 0.000334
468 0.000288
472 0.000261
476 0.000237
480 0.000279
484 0.000418
488 0.000555
492 0.000535
496 0.000399
500 0.000257
504 0.000151
508 0.000099
512 0.000076
516 0.000061
520 0.000046
524 0.000038
528 0.000030
532 0.000050
536 0.000221
540 0.000866
544 0.001549
548 0.001139
552 0.000495
556 0.000174
560 0.000055
564 0.000024
568 0.000017
572 0.000049
576 0.000158
580 0.000373
584 0.000712
588 0.000907
592 0.000773
596 0.000534
600 0.000409
604 0.000604
608 0.002210
612 0.003598
616 0.002693
620 0.001633
624 0.001166
628 0.000886
632 0.000645
636 0.000322
640 0.000175
644 0.000192
648 0.000238
652 0.000239
656 0.000166
660 0.000152
664 0.000173
668 0.000161
672 0.000147
676 0.000137
680 0.000143
684 0.000135
688 0.000132
692 0.000107
696 0.000069
700 0.000075
704 0.000193
708 0.000349
712 0.000270
716 0.000104
720 0.000028
724 0.000015
728 0.000008
732 0.000013
736 0.000016
740 0.000034
744 0.000019
748 0.000024
752 0.000010
756 0.000011
760 0.000016
764 0.000026
768 0.000009
772 0.000004
776 0.000007
780 0.000003
