380 0.000000
384 0.000000
388 0.000000
392 0.000001
396 0.000003
400 0.000003
404 0.000004
408 0.000005
412 0.000009
416 0.000021
420 0.000043
424 0.000079
428 0.000125
432 0.000244
436 0.000385
440 0.000339
444 0.000282
448 0.000283
452 0.000290
456 0.000286
460 0.000264
464 0.000236
468 0.000208
472 0.000180
476 0.000160
480 0.000173
484 0.000239
488 0.000302
492 0.000279
496 0.000202
500 0.000123
504 0.000071
508 0.000045
512 0.000033
516 0.000025
520 0.000017
524 0.000014
528 0.000012
532 0.000020
536 0.000081
540 0.000322
544 0.000574
548 0.000421
552 0.000182
556 0.000064
560 0.000020
564 0.000008
568 0.000007
572 0.000014
576 0.000038
580 0.000061
584 0.000073
588 0.000066
592 0.000043
596 0.000023
600 0.000014
604 0.000014
608 0.000032
612 0.000050
616 0.000038
620 0.000027
624 0.000025
628 0.000025
632 0.000023
636 0.000015
640 0.000008
644 0.000004
648 0.000003
652 0.000003
656 0.000003
660 0.000002
664 0.000001
668 0.000001
672 0.000001
676 0.000002
680 0.000002
684 0.000002
688 0.000001
692 0.000001
696 0.000000
700 0.000001
704 0.000003
708 0.000005
712 0.000005
716 0.000002
720 0.000001
724 0.000001
728 0.000000
732 0.000000
736 0.000000
740 0.000000
744 0.000000
748 0.000000
752 0.000000
756 0.000002
760 0.000003
764 0.000003
768 0.000001
772 0.000004
776 0.000000
780 0.000006
