380 0.000027
384 0.000010
388 0.000011
392 0.000012
396 0.000010
400 0.000003
404 0.000013
408 0.000017
412 0.000028
416 0.000055
420 0.000106
424 0.000158
428 0.000244
432 0.000448
436 0.000681
440 0.000591
444 0.000468
448 0.000471
452 0.000475
456 0.000465
460 0.000427
464 0.000381
468 0.000329
472 0.000290
476 0.000275
480 0.000345
484 0.000534
488 0.000726
492 0.000709
496 0.000550
500 0.000355
504 0.000212
508 0.000134
512 0.000103
516 0.000080
520 0.000065
524 0.000049
528 0.000042
532 0.000073
536 0.000320
540 0.001310
544 0.002344
548 0.001722
552 0.000745
556 0.000262
560 0.000088
564 0.000033
568 0.000033
572 0.000072
576 0.000230
580 0.000528
584 0.000998
588 0.001263
592 0.001068
596 0.000746
600 0.000569
604 0.000836
608 0.003059
612 0.004994
616 0.003744
620 0.002273
624 0.001618
628 0.001233
632 0.000906
636 0.000446
640 0.000242
644 0.000266
648 0.000352
652 0.000353
656 0.000243
660 0.000205
664 0.000244
668 0.000232
672 0.000205
676 0.000198
680 0.000209
684 0.000205
688 0.000185
692 0.000159
696 0.000095
700 0.000098
704 0.000266
708 0.000517
712 0.000389
716 0.000157
720 0.000049
724 0.000040
728 0.000030
732 0.000021
736 0.000020
740 0.000008
744 0.000029
748 0.000013
752 0.000057
756 0.000014
760 0.000037
764 0.000003
768 0.000018
772 0.000003
776 0.000041
780 0.000027
