380 0.000007
384 0.000002
388 0.000004
392 0.000004
396 0.000003
400 0.000003
404 0.000017
408 0.000020
412 0.000030
416 0.000065
420 0.000132
424 0.000236
428 0.000370
432 0.000713
436 0.001130
440 0.001002
444 0.000826
448 0.000830
452 0.000851
456 0.000836
460 0.000772
464 0.000686
468 0.000599
472 0.000523
476 0.000463
480 0.000502
484 0.000694
488 0.000869
492 0.000805
496 0.000578
500 0.000357
504 0.000202
508 0.000128
512 0.000094
516 0.000072
520 0.000052
524 0.000041
528 0.000034
532 0.000055
536 0.000229
540 0.000902
544 0.001603
548 0.001174
552 0.000511
556 0.000180
560 0.000055
564 0.000025
568 0.000021
572 0.000044
576 0.000119
580 0.000217
584 0.000314
588 0.000336
592 0.000259
596 0.000163
600 0.000114
604 0.000151
608 0.000518
612 0.000831
616 0.000625
620 0.000379
624 0.000277
628 0.000210
632 0.000159
636 0.000080
640 0.000042
644 0.000043
648 0.000053
652 0.000053
656 0.000036
660 0.000035
664 0.000035
668 0.000035
672 0.000029
676 0.000033
680 0.000029
684 0.000035
688 0.000026
692 0.000027
696 0.000009
700 0.000016
704 0.000043
708 0.000077
712 0.000060
716 0.000019
720 0.000004
724 0.000001
728 0.000002
732 0.000005
736 0.000002
740 0.000011
744 0.000005
748 0.000013
752 0.000006
756 0.000007
760 0.000003
764 0.000014
768 0.000005
772 0.000004
776 0.000008
780 0.000019
