380 0.000015
384 0.000006
388 0.000002
392 0.000005
396 0.000019
400 0.000005
404 0.000020
408 0.000025
412 0.000039
416 0.000061
420 0.000148
424 0.000260
428 0.000380
432 0.000733
436 0.001142
440 0.001010
444 0.000813
448 0.000820
452 0.000833
456 0.000813
460 0.000748
464 0.000654
468 0.000579
472 0.000501
476 0.000465
480 0.000517
484 0.000748
488 0.000975
492 0.000930
496 0.000690
500 0.000420
504 0.000245
508 0.000155
512 0.000124
516 0.000088
520 0.000065
524 0.000059
528 0.000052
532 0.000082
536 0.000327
540 0.001335
544 0.002368
548 0.001736
552 0.000750
556 0.000266
560 0.000083
564 0.000040
568 0.000038
572 0.000069
576 0.000233
580 0.000524
584 0.000977
588 0.001221
592 0.001039
596 0.000720
600 0.000559
604 0.000808
608 0.002962
612 0.004836
616 0.003631
620 0.002198
624 0.001572
628 0.001195
632 0.000876
636 0.000427
640 0.000231
644 0.000261
648 0.000328
652 0.000335
656 0.000225
660 0.000222
664 0.000228
668 0.000224
672 0.000195
676 0.000192
680 0.000197
684 0.000189
688 0.000180
692 0.000159
696 0.000083
700 0.000092
704 0.000275
708 0.000487
712 0.000377
716 0.000139
720 0.000025
724 0.000017
728 0.000029
732 0.000030
736 0.000027
740 0.000016
744 0.000032
748 0.000005
752 0.000053
756 0.000013
760 0.000046
764 0.000017
768 0.000048
772 0.000006
776 0.000024
780 0.000016
