380 0.000087
384 0.000033
388 0.000044
392 0.000007
396 0.000061
400 0.000594
404 0.001538
408 0.001283
412 0.000516
416 0.000388
420 0.000622
424 0.000787
428 0.001289
432 0.004534
436 0.008500
440 0.005445
444 0.002159
448 0.001832
452 0.001914
456 0.001898
460 0.001840
464 0.001735
468 0.001609
472 0.001495
476 0.001431
480 0.002287
484 0.004580
488 0.006228
492 0.005264
496 0.003392
500 0.002022
504 0.001212
508 0.000804
512 0.000627
516 0.000513
520 0.000420
524 0.000372
528 0.000451
532 0.001155
536 0.005188
540 0.017050
544 0.028320
548 0.022210
552 0.010420
556 0.003624
560 0.001432
564 0.000887
568 0.000708
572 0.001040
576 0.002490
580 0.004724
584 0.006581
588 0.006686
592 0.005840
596 0.004816
600 0.003872
604 0.005341
608 0.018970
612 0.029850
616 0.019540
620 0.008334
624 0.006670
628 0.006857
632 0.005377
636 0.002548
640 0.001287
644 0.001269
648 0.001768
652 0.001975
656 0.001564
660 0.001349
664 0.001206
668 0.000949
672 0.000752
676 0.000767
680 0.000779
684 0.001019
688 0.001155
692 0.000899
696 0.000562
700 0.000617
704 0.001882
708 0.003382
712 0.002652
716 0.001026
720 0.000293
724 0.000196
728 0.000193
732 0.000132
736 0.000142
740 0.000122
744 0.000266
748 0.000134
752 0.000032
756 0.000234
760 0.000176
764 0.000172
768 0.000209
772 0.000054
776 0.000099
780 0.000096
