380 0.000021
384 0.000179
388 0.000102
392 0.000034
396 0.000090
400 0.000613
404 0.001539
408 0.001325
412 0.000489
416 0.000448
420 0.000592
424 0.000811
428 0.001252
432 0.004551
436 0.008502
440 0.005452
444 0.002160
448 0.001815
452 0.001870
456 0.001911
460 0.001871
464 0.001727
468 0.001612
472 0.001430
476 0.001499
480 0.002308
484 0.004619
488 0.006213
492 0.005295
496 0.003382
500 0.002005
504 0.001162
508 0.000758
512 0.000621
516 0.000509
520 0.000467
524 0.000395
528 0.000499
532 0.001154
536 0.005205
540 0.017060
544 0.028340
548 0.022220
552 0.010450
556 0.003665
560 0.001449
564 0.000871
568 0.000695
572 0.001009
576 0.002462
580 0.004748
584 0.006595
588 0.006696
592 0.005834
596 0.004822
600 0.003927
604 0.005360
608 0.018930
612 0.029850
616 0.019520
620 0.008382
624 0.006628
628 0.006889
632 0.005388
636 0.002590
640 0.001243
644 0.001242
648 0.001734
652 0.001950
656 0.001510
660 0.001351
664 0.001205
668 0.000935
672 0.000785
676 0.000737
680 0.000772
684 0.000982
688 0.001178
692 0.000956
696 0.000604
700 0.000606
704 0.001903
708 0.003399
712 0.002671
716 0.000965
720 0.000256
724 0.000164
728 0.000141
732 0.000210
736 0.000076
740 0.000090
744 0.000070
748 0.000103
752 0.000111
756 0.000256
760 0.000092
764 0.000090
768 0.000173
772 0.000040
776 0.000063
780 0.000020
