380 0.000103
384 0.000169
388 0.000031
392 0.000041
396 0.000075
400 0.000638
404 0.001537
408 0.001280
412 0.000499
416 0.000418
420 0.000593
424 0.000766
428 0.001254
432 0.004497
436 0.008508
440 0.005464
444 0.002191
448 0.001797
452 0.001923
456 0.001924
460 0.001842
464 0.001719
468 0.001584
472 0.001487
476 0.001481
480 0.002305
484 0.004606
488 0.006227
492 0.005339
496 0.003404
500 0.002004
504 0.001191
508 0.000794
512 0.000625
516 0.000533
520 0.000420
524 0.000407
528 0.000486
532 0.001180
536 0.005195
540 0.017030
544 0.028310
548 0.022220
552 0.010420
556 0.003627
560 0.001437
564 0.000862
568 0.000704
572 0.001003
576 0.002512
580 0.004731
584 0.006602
588 0.006723
592 0.005866
596 0.004836
600 0.003896
604 0.005385
608 0.018950
612 0.029830
616 0.019510
620 0.008348
624 0.006636
628 0.006865
632 0.005414
636 0.002572
640 0.001292
644 0.001287
648 0.001735
652 0.001948
656 0.001570
660 0.001316
664 0.001233
668 0.000948
672 0.000763
676 0.000641
680 0.000783
684 0.001023
688 0.001101
692 0.000982
696 0.000596
700 0.000654
704 0.001960
708 0.003420
712 0.002632
716 0.000974
720 0.000347
724 0.000154
728 0.000181
732 0.000190
736 0.000161
740 0.000193
744 0.000163
748 0.000196
752 0.000088
756 0.000242
760 0.000094
764 0.000069
768 0.000088
772 0.000031
776 0.000063
780 0.000030
