380 0.000029
384 0.000011
388 0.000044
392 0.000013
396 0.000033
400 0.000531
404 0.001466
408 0.001215
412 0.000508
416 0.000457
420 0.000613
424 0.000784
428 0.001253
432 0.004507
436 0.008490
440 0.005475
444 0.002139
448 0.001819
452 0.001898
456 0.001942
460 0.001880
464 0.001730
468 0.001622
472 0.001458
476 0.001470
480 0.002281
484 0.004582
488 0.006213
492 0.005308
496 0.003441
500 0.002023
504 0.001194
508 0.000792
512 0.000592
516 0.000502
520 0.000460
524 0.000396
528 0.000466
532 0.001174
536 0.005211
540 0.017070
544 0.028340
548 0.022190
552 0.010430
556 0.003647
560 0.001457
564 0.000855
568 0.000688
572 0.001019
576 0.002483
580 0.004747
584 0.006606
588 0.006689
592 0.005836
596 0.004780
600 0.003821
604 0.005376
608 0.018950
612 0.029850
616 0.019470
620 0.008328
624 0.006610
628 0.006872
632 0.005380
636 0.002571
640 0.001307
644 0.001273
648 0.001777
652 0.001978
656 0.001593
660 0.001334
664 0.001243
668 0.000950
672 0.000724
676 0.000679
680 0.000755
684 0.001009
688 0.001203
692 0.000915
696 0.000499
700 0.000587
704 0.001874
708 0.003489
712 0.002624
716 0.000967
720 0.000273
724 0.000068
728 0.000076
732 0.000107
736 0.000074
740 0.000118
744 0.000125
748 0.000082
752 0.000015
756 0.000050
760 0.000219
764 0.000132
768 0.000178
772 0.000269
776 0.000045
780 0.000092
