380 0.000025
384 0.000167
388 0.000134
392 0.000137
396 0.000062
400 0.000561
404 0.001562
408 0.001273
412 0.000429
416 0.000409
420 0.000603
424 0.000770
428 0.001234
432 0.004511
436 0.008522
440 0.005423
444 0.002157
448 0.001801
452 0.001930
456 0.001943
460 0.001857
464 0.001718
468 0.001557
472 0.001453
476 0.001449
480 0.002307
484 0.004579
488 0.006196
492 0.005291
496 0.003436
500 0.002012
504 0.001186
508 0.000785
512 0.000609
516 0.000504
520 0.000445
524 0.000392
528 0.000492
532 0.001184
536 0.005195
540 0.017060
544 0.028360
548 0.022210
552 0.010430
556 0.003654
560 0.001431
564 0.000857
568 0.000713
572 0.001015
576 0.002476
580 0.004721
584 0.006576
588 0.006685
592 0.005846
596 0.004825
600 0.003915
604 0.005381
608 0.019000
612 0.029850
616 0.019510
620 0.008313
624 0.006661
628 0.006863
632 0.005384
636 0.002568
640 0.001286
644 0.001304
648 0.001776
652 0.001987
656 0.001529
660 0.001340
664 0.001217
668 0.000952
672 0.000727
676 0.000713
680 0.000790
684 0.001048
688 0.001215
692 0.000894
696 0.000548
700 0.000596
704 0.001886
708 0.003389
712 0.002723
716 0.001023
720 0.000308
724 0.000255
728 0.000135
732 0.000201
736 0.000097
740 0.000220
744 0.000167
748 0.000125
752 0.000314
756 0.000042
760 0.000078
764 0.000051
768 0.000049
772 0.000021
776 0.000027
780 0.000232
