380 0.000119
384 0.000115
388 0.000035
392 0.000064
396 0.000047
400 0.000549
404 0.001500
408 0.001253
412 0.000483
416 0.000426
420 0.000599
424 0.000762
428 0.001217
432 0.004467
436 0.008498
440 0.005433
444 0.002156
448 0.001841
452 0.001912
456 0.001937
460 0.001868
464 0.001691
468 0.001612
472 0.001441
476 0.001448
480 0.002306
484 0.004629
488 0.006218
492 0.005286
496 0.003422
500 0.002013
504 0.001193
508 0.000746
512 0.000585
516 0.000486
520 0.000456
524 0.000400
528 0.000485
532 0.001167
536 0.005214
540 0.017020
544 0.028370
548 0.022220
552 0.010450
556 0.003659
560 0.001466
564 0.000832
568 0.000711
572 0.001023
576 0.002480
580 0.004694
584 0.006575
588 0.006692
592 0.005852
596 0.004782
600 0.003898
604 0.005402
608 0.018950
612 0.029840
616 0.019490
620 0.008339
624 0.006684
628 0.006921
632 0.005350
636 0.002496
640 0.001285
644 0.001231
648 0.001701
652 0.001979
656 0.001607
660 0.001279
664 0.001214
668 0.000944
672 0.000806
676 0.000700
680 0.000809
684 0.001036
688 0.001224
692 0.000892
696 0.000603
700 0.000617
704 0.001832
708 0.003477
712 0.002638
716 0.001010
720 0.000249
724 0.000168
728 0.000198
732 0.000123
736 0.000037
740 0.000079
744 0.000174
748 0.000128
752 0.000018
756 0.000151
760 0.000087
764 0.000158
768 0.000207
772 0.000073
776 0.000188
780 0.000171
