380 0.000051
384 0.000063
388 0.000050
392 0.000120
396 0.000069
400 0.000604
404 0.001523
408 0.001298
412 0.000478
416 0.000411
420 0.000526
424 0.000744
428 0.001271
432 0.004536
436 0.008496
440 0.005384
444 0.002128
448 0.001819
452 0.001925
456 0.001913
460 0.001850
464 0.001730
468 0.001590
472 0.001418
476 0.001459
480 0.002314
484 0.004632
488 0.006260
492 0.005326
496 0.003417
500 0.002018
504 0.001217
508 0.000805
512 0.000627
516 0.000508
520 0.000427
524 0.000376
528 0.000478
532 0.001153
536 0.005182
540 0.017080
544 0.028320
548 0.022220
552 0.010450
556 0.003660
560 0.001457
564 0.000863
568 0.000688
572 0.000999
576 0.002491
580 0.004730
584 0.006577
588 0.006684
592 0.005873
596 0.004843
600 0.003883
604 0.005366
608 0.018960
612 0.029850
616 0.019510
620 0.008346
624 0.006653
628 0.006870
632 0.005389
636 0.002546
640 0.001309
644 0.001275
648 0.001714
652 0.001912
656 0.001522
660 0.001312
664 0.001210
668 0.000900
672 0.000691
676 0.000692
680 0.000766
684 0.000998
688 0.001203
692 0.000903
696 0.000494
700 0.000570
704 0.001882
708 0.003406
712 0.002675
716 0.001034
720 0.000326
724 0.000210
728 0.000100
732 0.000066
736 0.000102
740 0.000150
744 0.000167
748 0.000120
752 0.000023
756 0.000103
760 0.000109
764 0.000107
768 0.000165
772 0.000065
776 0.000054
780 0.000041
