380 0.000172
384 0.000062
388 0.000102
392 0.000007
396 0.000050
400 0.000571
404 0.001564
408 0.001301
412 0.000538
416 0.000458
420 0.000557
424 0.000736
428 0.001213
432 0.004507
436 0.008560
440 0.005455
444 0.002154
448 0.001827
452 0.001927
456 0.001945
460 0.001828
464 0.001707
468 0.001589
472 0.001449
476 0.001454
480 0.002293
484 0.004621
488 0.006247
492 0.005337
496 0.003420
500 0.002045
504 0.001160
508 0.000752
512 0.000581
516 0.000488
520 0.000420
524 0.000368
528 0.000464
532 0.001166
536 0.005186
540 0.017020
544 0.028320
548 0.022240
552 0.010460
556 0.003626
560 0.001480
564 0.000873
568 0.000680
572 0.001017
576 0.002479
580 0.004720
584 0.006616
588 0.006705
592 0.005865
596 0.004806
600 0.003890
604 0.005367
608 0.018960
612 0.029850
616 0.019470
620 0.008320
624 0.006691
628 0.006893
632 0.005389
636 0.002569
640 0.001283
644 0.001263
648 0.001729
652 0.002001
656 0.001542
660 0.001335
664 0.001224
668 0.000944
672 0.000742
676 0.000674
680 0.000790
684 0.001014
688 0.001233
692 0.000978
696 0.000629
700 0.000641
704 0.001852
708 0.003442
712 0.002680
716 0.000990
720 0.000244
724 0.000191
728 0.000107
732 0.000136
736 0.000069
740 0.000128
744 0.000053
748 0.000071
752 0.000204
756 0.000071
760 0.000240
764 0.000301
768 0.000250
772 0.000213
776 0.000116
780 0.000189
