380 0.000059
384 0.000068
388 0.000049
392 0.000026
396 0.000064
400 0.000575
404 0.001570
408 0.001287
412 0.000533
416 0.000456
420 0.000566
424 0.000779
428 0.001236
432 0.004486
436 0.008498
440 0.005419
444 0.002194
448 0.001833
452 0.001879
456 0.001911
460 0.001835
464 0.001708
468 0.001611
472 0.001437
476 0.001437
480 0.002309
484 0.004628
488 0.006229
492 0.005315
496 0.003439
500 0.002015
504 0.001168
508 0.000762
512 0.000607
516 0.000509
520 0.000419
524 0.000379
528 0.000499
532 0.001188
536 0.005181
540 0.017050
544 0.028330
548 0.022210
552 0.010410
556 0.003619
560 0.001454
564 0.000858
568 0.000686
572 0.001005
576 0.002509
580 0.004737
584 0.006598
588 0.006685
592 0.005837
596 0.004802
600 0.003898
604 0.005370
608 0.018960
612 0.029830
616 0.019470
620 0.008299
624 0.006625
628 0.006879
632 0.005414
636 0.002563
640 0.001292
644 0.001248
648 0.001764
652 0.002001
656 0.001578
660 0.001352
664 0.001224
668 0.000924
672 0.000739
676 0.000664
680 0.000761
684 0.000997
688 0.001232
692 0.000918
696 0.000521
700 0.000593
704 0.001853
708 0.003461
712 0.002570
716 0.001033
720 0.000312
724 0.000127
728 0.000205
732 0.000189
736 0.000146
740 0.000199
744 0.000228
748 0.000172
752 0.000065
756 0.000057
760 0.000159
764 0.000132
768 0.000187
772 0.000129
776 0.000207
780 0.000129
