380 0.000091
384 0.000118
388 0.000027
392 0.000051
396 0.000048
400 0.000587
404 0.001490
408 0.001234
412 0.000519
416 0.000446
420 0.000607
424 0.000754
428 0.001241
432 0.004522
436 0.008518
440 0.005448
444 0.002154
448 0.001828
452 0.001911
456 0.001929
460 0.001835
464 0.001736
468 0.001559
472 0.001434
476 0.001435
480 0.002289
484 0.004615
488 0.006276
492 0.005318
496 0.003414
500 0.002018
504 0.001222
508 0.000812
512 0.000605
516 0.000521
520 0.000443
524 0.000398
528 0.000472
532 0.001154
536 0.005180
540 0.017040
544 0.028310
548 0.022240
552 0.010440
556 0.003647
560 0.001473
564 0.000839
568 0.000684
572 0.001000
576 0.002477
580 0.004704
584 0.006607
588 0.006688
592 0.005840
596 0.004829
600 0.003922
604 0.005378
608 0.018960
612 0.029860
616 0.019500
620 0.008294
624 0.006684
628 0.006889
632 0.005418
636 0.002587
640 0.001334
644 0.001275
648 0.001717
652 0.001960
656 0.001521
660 0.001335
664 0.001223
668 0.000953
672 0.000735
676 0.000719
680 0.000810
684 0.001053
688 0.001213
692 0.000913
696 0.000580
700 0.000561
704 0.001839
708 0.003420
712 0.002658
716 0.000966
720 0.000264
724 0.000120
728 0.000179
732 0.000132
736 0.000127
740 0.000257
744 0.000246
748 0.000103
752 0.000100
756 0.000218
760 0.000148
764 0.000201
768 0.000173
772 0.000109
776 0.000125
780 0.000104
