380 0.000179
384 0.000185
388 0.000087
392 0.000036
396 0.000090
400 0.000583
404 0.001588
408 0.001320
412 0.000469
416 0.000460
420 0.000642
424 0.000787
428 0.001273
432 0.004497
436 0.008488
440 0.005456
444 0.002155
448 0.001858
452 0.001906
456 0.001936
460 0.001869
464 0.001754
468 0.001579
472 0.001445
476 0.001410
480 0.002302
484 0.004596
488 0.006236
492 0.005279
496 0.003414
500 0.002003
504 0.001213
508 0.000798
512 0.000612
516 0.000490
520 0.000455
524 0.000378
528 0.000481
532 0.001169
536 0.005155
540 0.017060
544 0.028320
548 0.022240
552 0.010400
556 0.003623
560 0.001423
564 0.000845
568 0.000670
572 0.001014
576 0.002497
580 0.004689
584 0.006596
588 0.006656
592 0.005847
596 0.004808
600 0.003914
604 0.005325
608 0.018940
612 0.029810
616 0.019450
620 0.008367
624 0.006642
628 0.006890
632 0.005394
636 0.002588
640 0.001245
644 0.001252
648 0.001732
652 0.002012
656 0.001572
660 0.001337
664 0.001242
668 0.000907
672 0.000720
676 0.000708
680 0.000776
684 0.001013
688 0.001166
692 0.000945
696 0.000544
700 0.000600
704 0.001872
708 0.003505
712 0.002663
716 0.000995
720 0.000228
724 0.000108
728 0.000095
732 0.000189
736 0.000097
740 0.000167
744 0.000190
748 0.000216
752 0.000110
756 0.000061
760 0.000110
764 0.000085
768 0.000188
772 0.000053
776 0.000063
780 0.000047
