380 0.000046
384 0.000066
388 0.000012
392 0.000053
396 0.000058
400 0.000572
404 0.001531
408 0.001272
412 0.000499
416 0.000420
420 0.000583
424 0.000792
428 0.001262
432 0.004513
436 0.008492
440 0.005443
444 0.002152
448 0.001826
452 0.001904
456 0.001933
460 0.001873
464 0.001757
468 0.001582
472 0.001468
476 0.001453
480 0.002327
484 0.004636
488 0.006251
492 0.005302
496 0.003404
500 0.002032
504 0.001202
508 0.000792
512 0.000617
516 0.000506
520 0.000424
524 0.000376
528 0.000474
532 0.001184
536 0.005203
540 0.017050
544 0.028320
548 0.022220
552 0.010430
556 0.003642
560 0.001483
564 0.000865
568 0.000698
572 0.001007
576 0.002503
580 0.004716
584 0.006579
588 0.006695
592 0.005860
596 0.004812
600 0.003913
604 0.005367
608 0.018940
612 0.029830
616 0.019510
620 0.008342
624 0.006712
628 0.006907
632 0.005413
636 0.002581
640 0.001285
644 0.001240
648 0.001726
652 0.001964
656 0.001527
660 0.001387
664 0.001207
668 0.000941
672 0.000782
676 0.000743
680 0.000689
684 0.000966
688 0.001160
692 0.000997
696 0.000594
700 0.000600
704 0.001836
708 0.003459
712 0.002632
716 0.001047
720 0.000291
724 0.000047
728 0.000148
732 0.000124
736 0.000151
740 0.000195
744 0.000299
748 0.000115
752 0.000060
756 0.000068
760 0.000136
764 0.000254
768 0.000078
772 0.000342
776 0.000045
780 0.000036
