380 0.000194
384 0.000074
388 0.000058
392 0.000051
396 0.000136
400 0.000613
404 0.001563
408 0.001296
412 0.000489
416 0.000373
420 0.000611
424 0.000720
428 0.001264
432 0.004490
436 0.008496
440 0.005466
444 0.002102
448 0.001832
452 0.001924
456 0.001954
460 0.001883
464 0.001719
468 0.001527
472 0.001465
476 0.001421
480 0.002274
484 0.004571
488 0.006187
492 0.005301
496 0.003396
500 0.002010
504 0.001195
508 0.000804
512 0.000593
516 0.000515
520 0.000401
524 0.000396
528 0.000479
532 0.001174
536 0.005219
540 0.017050
544 0.028330
548 0.022230
552 0.010420
556 0.003623
560 0.001434
564 0.000872
568 0.000713
572 0.001029
576 0.002482
580 0.004724
584 0.006599
588 0.006717
592 0.005841
596 0.004812
600 0.003919
604 0.005411
608 0.018950
612 0.029850
616 0.019490
620 0.008330
624 0.006625
628 0.006840
632 0.005357
636 0.002574
640 0.001291
644 0.001249
648 0.001717
652 0.001955
656 0.001566
660 0.001310
664 0.001248
668 0.000956
672 0.000769
676 0.000630
680 0.000793
684 0.000982
688 0.001223
692 0.000934
696 0.000596
700 0.000655
704 0.001881
708 0.003485
712 0.002644
716 0.001022
720 0.000295
724 0.000298
728 0.000203
732 0.000140
736 0.000118
740 0.000048
744 0.000163
748 0.000077
752 0.000061
756 0.000144
760 0.000181
764 0.000074
768 0.000030
772 0.000017
776 0.000090
780 0.000261
