380 0.000075
384 0.000026
388 0.000045
392 0.000076
396 0.000045
400 0.000540
404 0.001558
408 0.001301
412 0.000525
416 0.000425
420 0.000572
424 0.000740
428 0.001226
432 0.004509
436 0.008524
440 0.005452
444 0.002129
448 0.001830
452 0.001891
456 0.001926
460 0.001861
464 0.001738
468 0.001597
472 0.001442
476 0.001431
480 0.002263
484 0.004591
488 0.006233
492 0.005335
496 0.003423
500 0.002030
504 0.001205
508 0.000815
512 0.000626
516 0.000476
520 0.000441
524 0.000360
528 0.000464
532 0.001150
536 0.005198
540 0.017030
544 0.028330
548 0.022170
552 0.010420
556 0.003662
560 0.001475
564 0.000866
568 0.000710
572 0.001014
576 0.002499
580 0.004701
584 0.006566
588 0.006689
592 0.005839
596 0.004815
600 0.003912
604 0.005368
608 0.018930
612 0.029830
616 0.019500
620 0.008348
624 0.006644
628 0.006890
632 0.005414
636 0.002583
640 0.001293
644 0.001262
648 0.001727
652 0.001993
656 0.001577
660 0.001357
664 0.001226
668 0.000931
672 0.000767
676 0.000710
680 0.000770
684 0.000991
688 0.001204
692 0.000915
696 0.000607
700 0.000610
704 0.001818
708 0.003456
712 0.002615
716 0.000987
720 0.000268
724 0.000195
728 0.000087
732 0.000107
736 0.000176
740 0.000091
744 0.000113
748 0.000155
752 0.000103
756 0.000200
760 0.000299
764 0.000071
768 0.000130
772 0.000164
776 0.000170
780 0.000110
