380 0.000034
384 0.000098
388 0.000015
392 0.000070
396 0.000048
400 0.000624
404 0.001599
408 0.001307
412 0.000547
416 0.000422
420 0.000523
424 0.000725
428 0.001245
432 0.004477
436 0.008471
440 0.005439
444 0.002192
448 0.001795
452 0.001887
456 0.001895
460 0.001831
464 0.001760
468 0.001555
472 0.001479
476 0.001446
480 0.002328
484 0.004604
488 0.006233
492 0.005302
496 0.003399
500 0.002032
504 0.001186
508 0.000784
512 0.000590
516 0.000543
520 0.000452
524 0.000389
528 0.000477
532 0.001194
536 0.005213
540 0.017020
544 0.028300
548 0.022190
552 0.010420
556 0.003625
560 0.001426
564 0.000856
568 0.000723
572 0.001020
576 0.002486
580 0.004772
584 0.006594
588 0.006711
592 0.005841
596 0.004825
600 0.003909
604 0.005420
608 0.018920
612 0.029820
616 0.019460
620 0.008292
624 0.006628
628 0.006854
632 0.005360
636 0.002508
640 0.001307
644 0.001268
648 0.001770
652 0.001994
656 0.001563
660 0.001369
664 0.001258
668 0.000915
672 0.000715
676 0.000685
680 0.000772
684 0.001025
688 0.001214
692 0.000944
696 0.000612
700 0.000653
704 0.001907
708 0.003365
712 0.002639
716 0.000947
720 0.000267
724 0.000151
728 0.000201
732 0.000243
736 0.000152
740 0.000098
744 0.000053
748 0.000089
752 0.000084
756 0.000205
760 0.000178
764 0.000080
768 0.000258
772 0.000026
776 0.000036
780 0.000020
