380 0.000039
384 0.000070
388 0.000113
392 0.000318
396 0.000576
400 0.000847
404 0.000908
408 0.000842
412 0.000694
416 0.000554
420 0.000490
424 0.000469
428 0.000481
432 0.000508
436 0.000546
440 0.000576
444 0.000615
448 0.000656
452 0.000715
456 0.000773
460 0.000819
464 0.000856
468 0.000892
472 0.000959
476 0.001016
480 0.001088
484 0.001145
488 0.001186
492 0.001236
496 0.001292
500 0.001374
504 0.001458
508 0.001521
512 0.001567
516 0.001607
520 0.001672
524 0.001747
528 0.001837
532 0.001926
536 0.001992
540 0.002048
544 0.002093
548 0.002140
552 0.002220
556 0.002314
560 0.002420
564 0.002512
568 0.002587
572 0.002657
576 0.002725
580 0.002820
584 0.002976
588 0.003166
592 0.003360
596 0.003474
600 0.003454
604 0.003364
608 0.003320
612 0.003309
616 0.003340
620 0.003377
624 0.003442
628 0.003512
632 0.003603
636 0.003690
640 0.003773
644 0.003849
648 0.003884
652 0.003899
656 0.003931
660 0.003949
664 0.003993
668 0.004064
672 0.004143
676 0.004237
680 0.004328
684 0.004397
688 0.004462
692 0.004484
696 0.004477
700 0.004485
704 0.004467
708 0.004494
712 0.004534
716 0.004588
720 0.004642
724 0.004771
728 0.004826
732 0.004895
736 0.004974
740 0.005019
744 0.004998
748 0.004959
752 0.004980
756 0.004923
760 0.004927
764 0.004922
768 0.004920
772 0.004944
776 0.004990
780 0.005062
