380 0.000036
384 0.000066
388 0.000093
392 0.000300
396 0.000531
400 0.000780
404 0.000818
408 0.000726
412 0.000559
416 0.000425
420 0.000353
424 0.000334
428 0.000337
432 0.000353
436 0.000377
440 0.000398
444 0.000423
448 0.000453
452 0.000494
456 0.000540
460 0.000573
464 0.000608
468 0.000634
472 0.000681
476 0.000723
480 0.000775
484 0.000819
488 0.000854
492 0.000895
496 0.000960
500 0.001055
504 0.001152
508 0.001247
512 0.001325
516 0.001390
520 0.001470
524 0.001550
528 0.001639
532 0.001727
536 0.001795
540 0.001853
544 0.001894
548 0.001940
552 0.002016
556 0.002101
560 0.002197
564 0.002289
568 0.002356
572 0.002420
576 0.002483
580 0.002573
584 0.002710
588 0.002884
592 0.003060
596 0.003167
600 0.003150
604 0.003071
608 0.003038
612 0.003027
616 0.003060
620 0.003094
624 0.003150
628 0.003217
632 0.003300
636 0.003377
640 0.003460
644 0.003531
648 0.003567
652 0.003579
656 0.003606
660 0.003617
664 0.003661
668 0.003729
672 0.003807
676 0.003884
680 0.003973
684 0.004033
688 0.004089
692 0.004108
696 0.004098
700 0.004101
704 0.004090
708 0.004112
712 0.004151
716 0.004204
720 0.004244
724 0.004357
728 0.004416
732 0.004487
736 0.004552
740 0.004593
744 0.004578
748 0.004542
752 0.004556
756 0.004526
760 0.004514
764 0.004479
768 0.004500
772 0.004546
776 0.004577
780 0.004632
