380 0.000046
384 0.000067
388 0.000108
392 0.000284
396 0.000517
400 0.000770
404 0.000830
408 0.000761
412 0.000618
416 0.000489
420 0.000419
424 0.000393
428 0.000405
432 0.000425
436 0.000457
440 0.000484
444 0.000518
448 0.000556
452 0.000607
456 0.000666
460 0.000706
464 0.000738
468 0.000773
472 0.000835
476 0.000883
480 0.000949
484 0.001001
488 0.001039
492 0.001085
496 0.001140
500 0.001216
504 0.001291
508 0.001348
512 0.001387
516 0.001429
520 0.001488
524 0.001553
528 0.001632
532 0.001712
536 0.001773
540 0.001829
544 0.001866
548 0.001911
552 0.001985
556 0.002072
560 0.002168
564 0.002254
568 0.002324
572 0.002391
576 0.002460
580 0.002549
584 0.002687
588 0.002865
592 0.003047
596 0.003161
600 0.003153
604 0.003074
608 0.003041
612 0.003027
616 0.003065
620 0.003103
624 0.003162
628 0.003231
632 0.003323
636 0.003406
640 0.003489
644 0.003564
648 0.003604
652 0.003627
656 0.003655
660 0.003676
664 0.003722
668 0.003794
672 0.003879
676 0.003969
680 0.004061
684 0.004127
688 0.004191
692 0.004211
696 0.004213
700 0.004219
704 0.004213
708 0.004244
712 0.004293
716 0.004354
720 0.004414
724 0.004508
728 0.004585
732 0.004664
736 0.004744
740 0.004775
744 0.004779
748 0.004757
752 0.004756
756 0.004708
760 0.004704
764 0.004721
768 0.004718
772 0.004754
776 0.004772
780 0.004835
