380 0.000028
384 0.000051
388 0.000080
392 0.000170
396 0.000245
400 0.000311
404 0.000306
408 0.000309
412 0.000333
416 0.000393
420 0.000499
424 0.000586
428 0.000656
432 0.000722
436 0.000795
440 0.000843
444 0.000885
448 0.000898
452 0.000927
456 0.000947
460 0.000949
464 0.000955
468 0.000968
472 0.001005
476 0.001036
480 0.001078
484 0.001101
488 0.001113
492 0.001125
496 0.001152
500 0.001200
504 0.001252
508 0.001290
512 0.001308
516 0.001324
520 0.001353
524 0.001393
528 0.001449
532 0.001509
536 0.001551
540 0.001591
544 0.001621
548 0.001655
552 0.001713
556 0.001780
560 0.001855
564 0.001921
568 0.001976
572 0.002037
576 0.002104
580 0.002199
584 0.002347
588 0.002526
592 0.002686
596 0.002746
600 0.002705
604 0.002636
608 0.002612
612 0.002604
616 0.002633
620 0.002662
624 0.002712
628 0.002772
632 0.002854
636 0.002935
640 0.003028
644 0.003110
648 0.003162
652 0.003198
656 0.003241
660 0.003272
664 0.003326
668 0.003401
672 0.003479
676 0.003562
680 0.003648
684 0.003707
688 0.003762
692 0.003785
696 0.003777
700 0.003779
704 0.003764
708 0.003781
712 0.003830
716 0.003888
720 0.003946
724 0.004060
728 0.004150
732 0.004237
736 0.004340
740 0.004416
744 0.004438
748 0.004441
752 0.004487
756 0.004470
760 0.004485
764 0.004492
768 0.004524
772 0.004564
776 0.004599
780 0.004692
