390 0.00041500 0.00036835 0.00954729
391 0.00050265 0.00044802 0.01147940
392 0.00060737 0.00054397 0.01379860
393 0.00073185 0.00065898 0.01657460
394 0.00087901 0.00079612 0.01988690
395 0.00105192 0.00095866 0.02382500
396 0.00125373 0.00115002 0.02848770
397 0.00148756 0.00137367 0.03398320
398 0.00175633 0.00163296 0.04042740
399 0.00206261 0.00193089 0.04794170
400 0.00240836 0.00226991 0.05664980
401 0.00279522 0.00265210 0.06667570
402 0.00322640 0.00308110 0.07814790
403 0.00370617 0.00356156 0.09119250
404 0.00423972 0.00409900 0.10592600
405 0.00483339 0.00470010 0.12245100
406 0.00549335 0.00537186 0.14084400
407 0.00621933 0.00611757 0.16114000
408 0.00700631 0.00693795 0.18332500
409 0.00784503 0.00783144 0.20732700
410 0.00872127 0.00879369 0.23300800
411 0.00961879 0.00981865 0.26018300
412 0.01053240 0.01090440 0.28872300
413 0.01146200 0.01205090 0.31851200
414 0.01241050 0.01325820 0.34943100
415 0.01338370 0.01452770 0.38136300
416 0.01438700 0.01586000 0.41414100
417 0.01541160 0.01724960 0.44735000
418 0.01644240 0.01868780 0.48043900
419 0.01746140 0.02016380 0.51276700
420 0.01844800 0.02166490 0.54361800
421 0.01938520 0.02318010 0.57239900
422 0.02028110 0.02471390 0.59928400
423 0.02115450 0.02627850 0.62478600
424 0.02202860 0.02789050 0.64957600
425 0.02293170 0.02957140 0.67447400
426 0.02388960 0.03134380 0.70018600
427 0.02490260 0.03321510 0.72646000
428 0.02596310 0.03518890 0.75272600
429 0.02706190 0.03726830 0.77833300
430 0.02818770 0.03945660 0.80255500
431 0.02933030 0.04175460 0.82481800
432 0.03048980 0.04415440 0.84542200
433 0.03166940 0.04664320 0.86496100
434 0.03287310 0.04920500 0.88410000
435 0.03410540 0.05181990 0.90357300
436 0.03536700 0.05446450 0.92384400
437 0.03664000 0.05711310 0.94405500
438 0.03789880 0.05973690 0.96292000
439 0.03911480 0.06230380 0.97905700
440 0.04025630 0.06477820 0.99102000
441 0.04129890 0.06713290 0.99776500
442 0.04225820 0.06938440 0.99998200
443 0.04316270 0.07156580 0.99886100
444 0.04404440 0.07371640 0.99562800
445 0.04493800 0.07588120 0.99151500
446 0.04587290 0.07809800 0.98737700
447 0.04684590 0.08035380 0.98261900
448 0.04784460 0.08261980 0.97630100
449 0.04885550 0.08486440 0.96751300
450 0.04986390 0.08705240 0.95539300
451 0.05086180 0.08916400 0.93949900
452 0.05187310 0.09125230 0.92080700
453 0.05293170 0.09339500 0.90059200
454 0.05407460 0.09567750 0.88004000
455 0.05534180 0.09819340 0.86024000
456 0.05677340 0.10103100 0.84203100
457 0.05839730 0.10422900 0.82557200
458 0.06024090 0.10781400 0.81086000
459 0.06233530 0.11181700 0.79790200
460 0.06471640 0.11627200 0.78670400
461 0.06741310 0.12120400 0.77711900
462 0.07040400 0.12657300 0.76836500
463 0.07364890 0.13231100 0.75953800
464 0.07709780 0.13833400 0.74977700
465 0.08068940 0.14454100 0.73826800
466 0.08436130 0.15082800 0.72438900
467 0.08809040 0.15714600 0.70811300
468 0.09186300 0.16345700 0.68957200
469 0.09566370 0.16972100 0.66892700
470 0.09947550 0.17589300 0.64635900
471 0.10328600 0.18193800 0.62211200
472 0.10710300 0.18787200 0.59659100
473 0.11094700 0.19373100 0.57021600
474 0.11483800 0.19955700 0.54337300
475 0.11880200 0.20539800 0.51641100
476 0.12286300 0.21130200 0.48964700
477 0.12702600 0.21728300 0.46340600
478 0.13129300 0.22334700 0.43796500
479 0.13566600 0.22950100 0.41354900
480 0.14014500 0.23575400 0.39033300
481 0.14473100 0.24210800 0.36839400
482 0.14941500 0.24854500 0.34758200
483 0.15418900 0.25503700 0.32772400
484 0.15903800 0.26155400 0.30867600
485 0.16395200 0.26806300 0.29032200
486 0.16893200 0.27456100 0.27262600
487 0.17406300 0.28118000 0.25577200
488 0.17945700 0.28809700 0.23994500
489 0.18524100 0.29550800 0.22528000
490 0.19155600 0.30363000 0.21186700
491 0.19853200 0.31264900 0.19971900
492 0.20618200 0.32256500 0.18867400
493 0.21448500 0.33331900 0.17855700
494 0.22341100 0.34484400 0.16921700
495 0.23292600 0.35706100 0.16052600
496 0.24299200 0.36989500 0.15236800
497 0.25361600 0.38335500 0.14462000
498 0.26481000 0.39746700 0.13717300
499 0.27658700 0.41226000 0.12993700
500 0.28895900 0.42776400 0.12283900
501 0.30193400 0.44400100 0.11583400
502 0.31550800 0.46094700 0.10892200
503 0.32967300 0.47856200 0.10211800
504 0.34441600 0.49679500 0.09543740
505 0.35971600 0.51558700 0.08889650
506 0.37555000 0.53486800 0.08253430
507 0.39189500 0.55457500 0.07646130
508 0.40872200 0.57464000 0.07077690
509 0.42599800 0.59498400 0.06554910
510 0.44368300 0.61552000 0.06082100
511 0.46173100 0.63616200 0.05659190
512 0.48009400 0.65687200 0.05276590
513 0.49871700 0.67762400 0.04924400
514 0.51753900 0.69839300 0.04594700
515 0.53649400 0.71915400 0.04281230
516 0.55549300 0.73984400 0.03980140
517 0.57438600 0.76023500 0.03692270
518 0.59299500 0.78003900 0.03419090
519 0.61112400 0.79894100 0.03161580
520 0.62856100 0.81661000 0.02920330
521 0.64513900 0.83278300 0.02695360
522 0.66090700 0.84755000 0.02485750
523 0.67599300 0.86111300 0.02290470
524 0.69054200 0.87369800 0.02108550
525 0.70472000 0.88555000 0.01939120
526 0.71866200 0.89687300 0.01781450
527 0.73232300 0.90763800 0.01635140
528 0.74560600 0.91775700 0.01499800
529 0.75841000 0.92713700 0.01374970
530 0.77063000 0.93568700 0.01260130
531 0.78220800 0.94336200 0.01154660
532 0.79329000 0.95030900 0.01057660
533 0.80408400 0.95673300 0.00968268
534 0.81481300 0.96284400 0.00885746
535 0.82571100 0.96885800 0.00809453
536 0.83694300 0.97491900 0.00738890
537 0.84834900 0.98085000 0.00673799
538 0.85967600 0.98638800 0.00613947
539 0.87065600 0.99126700 0.00559073
540 0.88101100 0.99521700 0.00508900
541 0.89049600 0.99800700 0.00463120
542 0.89905200 0.99959500 0.00421366
543 0.90666900 0.99998200 0.00383286
544 0.91334100 0.99917700 0.00348559
545 0.91906700 0.99719300 0.00316893
546 0.92389800 0.99410200 0.00288021
547 0.92809900 0.99020400 0.00261698
548 0.93199500 0.98585500 0.00237701
549 0.93591600 0.98140400 0.00215829
550 0.94019800 0.97719300 0.00195896
551 0.94507600 0.97344100 0.00177737
552 0.95036700 0.96988100 0.00161218
553 0.95577500 0.96613300 0.00146215
554 0.96100000 0.96182300 0.00132606
555 0.96573300 0.95658300 0.00120277
556 0.96974400 0.95016700 0.00109118
557 0.97313300 0.94277300 0.00099014
558 0.97608600 0.93470900 0.00089856
559 0.97879300 0.92627100 0.00081552
560 0.98144500 0.91775000 0.00074017
561 0.98418600 0.90933900 0.00067177
562 0.98696500 0.90089500 0.00060969
563 0.98967800 0.89219700 0.00055337
564 0.99222000 0.88303500 0.00050229
565 0.99448600 0.87320500 0.00045598
566 0.99638600 0.86256500 0.00041400
567 0.99789500 0.85117300 0.00037594
568 0.99900400 0.83913200 0.00034144
569 0.99970600 0.82654500 0.00031016
570 0.99999300 0.81350900 0.00028180
571 0.99983700 0.80008200 0.00025608
572 0.99912300 0.78616600 0.00023276
573 0.99771900 0.77163500 0.00021162
574 0.99549100 0.75637600 0.00019244
575 0.99231000 0.74029100 0.00017504
576 0.98814600 0.72336900 0.00015926
577 0.98334500 0.70589000 0.00014494
578 0.97834200 0.68818400 0.00013195
579 0.97356400 0.67055400 0.00012016
580 0.96942900 0.65327400 0.00010945
581 0.96621100 0.63652400 0.00009974
582 0.96363000 0.62021700 0.00009091
583 0.96127300 0.60421100 0.00008290
584 0.95873200 0.58837500 0.00007562
585 0.95560200 0.57259700 0.00006900
586 0.95156900 0.55678300 0.00006298
587 0.94665400 0.54089600 0.00005752
588 0.94096200 0.52491200 0.00005254
589 0.93460000 0.50881700 0.00004802
590 0.92767300 0.49259900 0.00004390
591 0.92026400 0.47626800 0.00004016
592 0.91239100 0.45989300 0.00003674
593 0.90405000 0.44355100 0.00003364
594 0.89524300 0.42731400 0.00003080
595 0.88596900 0.41124600 0.00002822
596 0.87624200 0.39539600 0.00002587
597 0.86611700 0.37978200 0.00002372
598 0.85565800 0.36441000 0.00002177
599 0.84492600 0.34928900 0.00001998
600 0.83398200 0.33442900 0.00001835
601 0.82285900 0.31984300 0.00001686
602 0.81149100 0.30556400 0.00001549
603 0.79979400 0.29162500 0.00001425
604 0.78768900 0.27805300 0.00001311
605 0.77510300 0.26487200 0.00001207
606 0.76199600 0.25209900 0.00001111
607 0.74842500 0.23974700 0.00001024
608 0.73447000 0.22782200 0.00000944
609 0.72020800 0.21633000 0.00000871
610 0.70571300 0.20527300 0.00000803
611 0.69104400 0.19465000 0.00000742
612 0.67621200 0.18444800 0.00000685
613 0.66122000 0.17465400 0.00000633
614 0.64607200 0.16525600 0.00000586
615 0.63077300 0.15624300 0.00000542
616 0.61534900 0.14760200 0.00000000
617 0.59988800 0.13932900 0.00000000
618 0.58448900 0.13141600 0.00000000
619 0.56924000 0.12385600 0.00000000
620 0.55422400 0.11664100 0.00000000
621 0.53946900 0.10976600 0.00000000
622 0.52482700 0.10322600 0.00000000
623 0.51012400 0.09702050 0.00000000
624 0.49520600 0.09114300 0.00000000
625 0.47994100 0.08558720 0.00000000
626 0.46427000 0.08034280 0.00000000
627 0.44833800 0.07539130 0.00000000
628 0.43232900 0.07071360 0.00000000
629 0.41640600 0.06629240 0.00000000
630 0.40071100 0.06211200 0.00000000
631 0.38535500 0.05815950 0.00000000
632 0.37037700 0.05442760 0.00000000
633 0.35579300 0.05090980 0.00000000
634 0.34161800 0.04759910 0.00000000
635 0.32786400 0.04448790 0.00000000
636 0.31454100 0.04156590 0.00000000
637 0.30166200 0.03881520 0.00000000
638 0.28923900 0.03621810 0.00000000
639 0.27727800 0.03375990 0.00000000
640 0.26578400 0.03142820 0.00000000
641 0.25474000 0.02921760 0.00000000
642 0.24405400 0.02714030 0.00000000
643 0.23363400 0.02520840 0.00000000
644 0.22339900 0.02342860 0.00000000
645 0.21328400 0.02180370 0.00000000
646 0.20325700 0.02032850 0.00000000
647 0.19337000 0.01897790 0.00000000
648 0.18368800 0.01772720 0.00000000
649 0.17426300 0.01655600 0.00000000
650 0.16514100 0.01544800 0.00000000
651 0.15635400 0.01439240 0.00000000
652 0.14791600 0.01338960 0.00000000
653 0.13983400 0.01244140 0.00000000
654 0.13211100 0.01154880 0.00000000
655 0.12474900 0.01071200 0.00000000
656 0.11774400 0.00992994 0.00000000
657 0.11108100 0.00920057 0.00000000
658 0.10474700 0.00852126 0.00000000
659 0.09872770 0.00788945 0.00000000
660 0.09300850 0.00730255 0.00000000
661 0.08757690 0.00675820 0.00000000
662 0.08242190 0.00625474 0.00000000
663 0.07753280 0.00579045 0.00000000
664 0.07289890 0.00536347 0.00000000
665 0.06851000 0.00497179 0.00000000
666 0.06435540 0.00461300 0.00000000
667 0.06042420 0.00428339 0.00000000
668 0.05670570 0.00397940 0.00000000
669 0.05318960 0.00369803 0.00000000
670 0.04986610 0.00343667 0.00000000
671 0.04672580 0.00319326 0.00000000
672 0.04375980 0.00296653 0.00000000
673 0.04095940 0.00275543 0.00000000
674 0.03831650 0.00255896 0.00000000
675 0.03582330 0.00237617 0.00000000
676 0.03347250 0.00220618 0.00000000
677 0.03125830 0.00204809 0.00000000
678 0.02917510 0.00190110 0.00000000
679 0.02721730 0.00176442 0.00000000
680 0.02537900 0.00163734 0.00000000
681 0.02365410 0.00151916 0.00000000
682 0.02203360 0.00140913 0.00000000
683 0.02050920 0.00130655 0.00000000
684 0.01907350 0.00121078 0.00000000
685 0.01772010 0.00112128 0.00000000
686 0.01644510 0.00103766 0.00000000
687 0.01525100 0.00095989 0.00000000
688 0.01414040 0.00088795 0.00000000
689 0.01311370 0.00082173 0.00000000
690 0.01217010 0.00076105 0.00000000
691 0.01130630 0.00070562 0.00000000
692 0.01051310 0.00065487 0.00000000
693 0.00978127 0.00060824 0.00000000
694 0.00910300 0.00056524 0.00000000
695 0.00847170 0.00052546 0.00000000
696 0.00788227 0.00048855 0.00000000
697 0.00733213 0.00045428 0.00000000
698 0.00681928 0.00042244 0.00000000
699 0.00634173 0.00039284 0.00000000
700 0.00589749 0.00036532 0.00000000
701 0.00548444 0.00033971 0.00000000
702 0.00509978 0.00031586 0.00000000
703 0.00474086 0.00029361 0.00000000
704 0.00440538 0.00027283 0.00000000
705 0.00409129 0.00025342 0.00000000
706 0.00379703 0.00023527 0.00000000
707 0.00352187 0.00021833 0.00000000
708 0.00326520 0.00020257 0.00000000
709 0.00302632 0.00018795 0.00000000
710 0.00280447 0.00017440 0.00000000
711 0.00259882 0.00016188 0.00000000
712 0.00240849 0.00015031 0.00000000
713 0.00223259 0.00013961 0.00000000
714 0.00207024 0.00012973 0.00000000
715 0.00192058 0.00012061 0.00000000
716 0.00178269 0.00011218 0.00000000
717 0.00165540 0.00010437 0.00000000
718 0.00153762 0.00009714 0.00000000
719 0.00142839 0.00009042 0.00000000
720 0.00132687 0.00008417 0.00000000
721 0.00123238 0.00007835 0.00000000
722 0.00114456 0.00007294 0.00000000
723 0.00106308 0.00006792 0.00000000
724 0.00098759 0.00006325 0.00000000
725 0.00091778 0.00005893 0.00000000
726 0.00085326 0.00005494 0.00000000
727 0.00079359 0.00005123 0.00000000
728 0.00073831 0.00004779 0.00000000
729 0.00068702 0.00004459 0.00000000
730 0.00063937 0.00004160 0.00000000
731 0.00059506 0.00003882 0.00000000
732 0.00055380 0.00003623 0.00000000
733 0.00051535 0.00003381 0.00000000
734 0.00047950 0.00003155 0.00000000
735 0.00044604 0.00002944 0.00000000
736 0.00041481 0.00002746 0.00000000
737 0.00038575 0.00002563 0.00000000
738 0.00035879 0.00002392 0.00000000
739 0.00033386 0.00002234 0.00000000
740 0.00031087 0.00002089 0.00000000
741 0.00028970 0.00001954 0.00000000
742 0.00027015 0.00001830 0.00000000
743 0.00025201 0.00001714 0.00000000
744 0.00023512 0.00001606 0.00000000
745 0.00021933 0.00001505 0.00000000
746 0.00020454 0.00001409 0.00000000
747 0.00019069 0.00001319 0.00000000
748 0.00017777 0.00001235 0.00000000
749 0.00016574 0.00001156 0.00000000
750 0.00015455 0.00001082 0.00000000
751 0.00014417 0.00001013 0.00000000
752 0.00013453 0.00000949 0.00000000
753 0.00012557 0.00000890 0.00000000
754 0.00011725 0.00000834 0.00000000
755 0.00010951 0.00000782 0.00000000
756 0.00010230 0.00000734 0.00000000
757 0.00009558 0.00000689 0.00000000
758 0.00008932 0.00000646 0.00000000
759 0.00008346 0.00000606 0.00000000
760 0.00007799 0.00000569 0.00000000
761 0.00007287 0.00000534 0.00000000
762 0.00006809 0.00000501 0.00000000
763 0.00006363 0.00000470 0.00000000
764 0.00005948 0.00000441 0.00000000
765 0.00005563 0.00000414 0.00000000
766 0.00005204 0.00000389 0.00000000
767 0.00004871 0.00000365 0.00000000
768 0.00004559 0.00000343 0.00000000
769 0.00004267 0.00000322 0.00000000
770 0.00003993 0.00000303 0.00000000
771 0.00003735 0.00000284 0.00000000
772 0.00003493 0.00000267 0.00000000
773 0.00003267 0.00000250 0.00000000
774 0.00003057 0.00000235 0.00000000
775 0.00002862 0.00000221 0.00000000
776 0.00002681 0.00000208 0.00000000
777 0.00002513 0.00000196 0.00000000
778 0.00002356 0.00000184 0.00000000
779 0.00002210 0.00000174 0.00000000
780 0.00002073 0.00000163 0.00000000
   
   
   
   
   
   
   
   
   
   
   
   
   
   
   
   
   
   
   
   
   
   
   
   
   
   
   
   
   
   
   
   
   
   
   
   
   
   
   
   
   
   
   
   
   
   
   
   
   
   
