380 0.000311
384 0.000935
388 0.001915
392 0.006046
396 0.010990
400 0.016120
404 0.016720
408 0.014330
412 0.010200
416 0.006325
420 0.003560
424 0.002053
428 0.001221
432 0.000734
436 0.000449
440 0.000274
444 0.000186
448 0.000101
452 0.000080
456 0.000059
460 0.000054
464 0.000035
468 0.000031
472 0.000017
476 0.000010
480 0.000007
484 0.000020
488 0.000014
492 0.000012
496 0.000006
500 0.000004
504 0.000009
508 0.000010
512 0.000010
516 0.000011
520 0.000016
524 0.000012
528 0.000010
532 0.000008
536 0.000012
540 0.000002
544 0.000003
548 0.000010
552 0.000012
556 0.000031
560 0.000055
564 0.000105
568 0.000206
572 0.000329
576 0.000550
580 0.000888
584 0.001487
588 0.002326
592 0.003043
596 0.003038
600 0.002191
604 0.001143
608 0.000568
612 0.000282
616 0.000150
620 0.000094
624 0.000055
628 0.000038
632 0.000026
636 0.000025
640 0.000021
644 0.000019
648 0.000008
652 0.000015
656 0.000015
660 0.000007
664 0.000008
668 0.000015
672 0.000011
676 0.000008
680 0.000011
684 0.000004
688 0.000002
692 0.000009
696 0.000011
700 0.000009
704 0.000008
708 0.000002
712 0.000003
716 0.000004
720 0.000011
724 0.000005
728 0.000013
732 0.000041
736 0.000026
740 0.000013
744 0.000008
748 0.000006
752 0.000017
756 0.000018
760 0.000005
764 0.000005
768 0.000021
772 0.000083
776 0.000174
780 0.000349
