380 0.000282
384 0.000938
388 0.001924
392 0.006061
396 0.010990
400 0.016110
404 0.016730
408 0.014340
412 0.010170
416 0.006321
420 0.003576
424 0.002043
428 0.001197
432 0.000724
436 0.000457
440 0.000279
444 0.000166
448 0.000109
452 0.000078
456 0.000058
460 0.000039
464 0.000035
468 0.000026
472 0.000027
476 0.000020
480 0.000014
484 0.000011
488 0.000001
492 0.000006
496 0.000021
500 0.000009
504 0.000008
508 0.000011
512 0.000008
516 0.000002
520 0.000004
524 0.000002
528 0.000003
532 0.000004
536 0.000006
540 0.000012
544 0.000006
548 0.000006
552 0.000008
556 0.000017
560 0.000046
564 0.000111
568 0.000198
572 0.000328
576 0.000539
580 0.000877
584 0.001482
588 0.002312
592 0.003039
596 0.003042
600 0.002187
604 0.001149
608 0.000577
612 0.000292
616 0.000162
620 0.000092
624 0.000056
628 0.000036
632 0.000031
636 0.000022
640 0.000007
644 0.000013
648 0.000015
652 0.000018
656 0.000026
660 0.000013
664 0.000001
668 0.000006
672 0.000006
676 0.000008
680 0.000004
684 0.000009
688 0.000003
692 0.000018
696 0.000008
700 0.000010
704 0.000008
708 0.000012
712 0.000024
716 0.000022
720 0.000022
724 0.000007
728 0.000002
732 0.000003
736 0.000003
740 0.000003
744 0.000009
748 0.000013
752 0.000016
756 0.000033
760 0.000017
764 0.000056
768 0.000049
772 0.000067
776 0.000144
780 0.000267
