380 0.000274
384 0.000878
388 0.001856
392 0.005848
396 0.010580
400 0.015080
404 0.015010
408 0.012170
412 0.008116
416 0.004781
420 0.002628
424 0.001481
428 0.000886
432 0.000545
436 0.000336
440 0.000211
444 0.000136
448 0.000092
452 0.000054
456 0.000046
460 0.000039
464 0.000033
468 0.000022
472 0.000014
476 0.000004
480 0.000004
484 0.000010
488 0.000010
492 0.000002
496 0.000009
500 0.000007
504 0.000003
508 0.000002
512 0.000006
516 0.000002
520 0.000006
524 0.000009
528 0.000006
532 0.000014
536 0.000011
540 0.000003
544 0.000004
548 0.000006
552 0.000010
556 0.000024
560 0.000049
564 0.000082
568 0.000142
572 0.000242
576 0.000406
580 0.000668
584 0.001136
588 0.001785
592 0.002344
596 0.002333
600 0.001665
604 0.000863
608 0.000429
612 0.000219
616 0.000120
620 0.000066
624 0.000039
628 0.000026
632 0.000020
636 0.000011
640 0.000006
644 0.000012
648 0.000021
652 0.000007
656 0.000003
660 0.000001
664 0.000002
668 0.000003
672 0.000004
676 0.000008
680 0.000011
684 0.000011
688 0.000020
692 0.000016
696 0.000022
700 0.000013
704 0.000002
708 0.000002
712 0.000005
716 0.000009
720 0.000003
724 0.000002
728 0.000002
732 0.000013
736 0.000009
740 0.000010
744 0.000013
748 0.000015
752 0.000027
756 0.000034
760 0.000020
764 0.000035
768 0.000051
772 0.000079
776 0.000124
780 0.000298
