380 0.000362
384 0.001107
388 0.002220
392 0.006938
396 0.012560
400 0.018310
404 0.018950
408 0.016250
412 0.011610
416 0.007298
420 0.004177
424 0.002407
428 0.001404
432 0.000841
436 0.000510
440 0.000314
444 0.000188
448 0.000113
452 0.000080
456 0.000075
460 0.000055
464 0.000043
468 0.000032
472 0.000016
476 0.000021
480 0.000018
484 0.000007
488 0.000014
492 0.000013
496 0.000018
500 0.000009
504 0.000003
508 0.000005
512 0.000002
516 0.000001
520 0.000011
524 0.000008
528 0.000008
532 0.000013
536 0.000004
540 0.000001
544 0.000003
548 0.000011
552 0.000011
556 0.000025
560 0.000061
564 0.000133
568 0.000229
572 0.000397
576 0.000661
580 0.001066
584 0.001797
588 0.002787
592 0.003606
596 0.003517
600 0.002469
604 0.001269
608 0.000636
612 0.000318
616 0.000167
620 0.000095
624 0.000060
628 0.000039
632 0.000022
636 0.000020
640 0.000006
644 0.000007
648 0.000018
652 0.000017
656 0.000009
660 0.000016
664 0.000008
668 0.000010
672 0.000003
676 0.000018
680 0.000012
684 0.000007
688 0.000014
692 0.000004
696 0.000002
700 0.000002
704 0.000002
708 0.000025
712 0.000018
716 0.000008
720 0.000006
724 0.000013
728 0.000008
732 0.000012
736 0.000003
740 0.000003
744 0.000021
748 0.000038
752 0.000015
756 0.000029
760 0.000025
764 0.000031
768 0.000078
772 0.000103
776 0.000189
780 0.000302
