380 0.000244
384 0.000783
388 0.001696
392 0.005443
396 0.010030
400 0.014570
404 0.014790
408 0.012260
412 0.008338
416 0.004969
420 0.002714
424 0.001548
428 0.000905
432 0.000532
436 0.000336
440 0.000224
444 0.000136
448 0.000081
452 0.000062
456 0.000050
460 0.000037
464 0.000037
468 0.000024
472 0.000009
476 0.000012
480 0.000007
484 0.000002
488 0.000002
492 0.000001
496 0.000004
500 0.000004
504 0.000003
508 0.000013
512 0.000019
516 0.000010
520 0.000008
524 0.000007
528 0.000002
532 0.000004
536 0.000002
540 0.000007
544 0.000002
548 0.000005
552 0.000009
556 0.000018
560 0.000037
564 0.000096
568 0.000151
572 0.000253
576 0.000420
580 0.000674
584 0.001129
588 0.001769
592 0.002313
596 0.002308
600 0.001658
604 0.000867
608 0.000431
612 0.000216
616 0.000115
620 0.000065
624 0.000040
628 0.000024
632 0.000022
636 0.000014
640 0.000022
644 0.000012
648 0.000022
652 0.000013
656 0.000002
660 0.000006
664 0.000008
668 0.000001
672 0.000001
676 0.000008
680 0.000003
684 0.000005
688 0.000010
692 0.000003
696 0.000001
700 0.000002
704 0.000002
708 0.000017
712 0.000023
716 0.000011
720 0.000003
724 0.000009
728 0.000007
732 0.000029
736 0.000014
740 0.000003
744 0.000005
748 0.000010
752 0.000022
756 0.000024
760 0.000036
764 0.000023
768 0.000031
772 0.000142
776 0.000119
780 0.000224
