380 0.000265
384 0.000819
388 0.001719
392 0.005491
396 0.010050
400 0.014580
404 0.014800
408 0.012250
412 0.008339
416 0.004977
420 0.002733
424 0.001552
428 0.000901
432 0.000548
436 0.000349
440 0.000217
444 0.000146
448 0.000082
452 0.000054
456 0.000041
460 0.000027
464 0.000022
468 0.000013
472 0.000001
476 0.000002
480 0.000009
484 0.000011
488 0.000010
492 0.000003
496 0.000001
500 0.000003
504 0.000010
508 0.000005
512 0.000006
516 0.000006
520 0.000004
524 0.000003
528 0.000011
532 0.000011
536 0.000011
540 0.000005
544 0.000003
548 0.000010
552 0.000007
556 0.000021
560 0.000048
564 0.000088
568 0.000141
572 0.000243
576 0.000411
580 0.000671
584 0.001132
588 0.001761
592 0.002309
596 0.002308
600 0.001661
604 0.000866
608 0.000420
612 0.000216
616 0.000122
620 0.000074
624 0.000047
628 0.000043
632 0.000028
636 0.000009
640 0.000015
644 0.000016
648 0.000001
652 0.000002
656 0.000004
660 0.000005
664 0.000006
668 0.000007
672 0.000002
676 0.000001
680 0.000001
684 0.000001
688 0.000001
692 0.000015
696 0.000007
700 0.000006
704 0.000002
708 0.000002
712 0.000007
716 0.000002
720 0.000002
724 0.000020
728 0.000016
732 0.000021
736 0.000019
740 0.000004
744 0.000005
748 0.000016
752 0.000009
756 0.000011
760 0.000044
764 0.000060
768 0.000033
772 0.000024
776 0.000158
780 0.000278
