380 0.000025
384 0.000069
388 0.000097
392 0.000271
396 0.000507
400 0.000770
404 0.000838
408 0.000784
412 0.000651
416 0.000519
420 0.000447
424 0.000432
428 0.000438
432 0.000465
436 0.000501
440 0.000535
444 0.000571
448 0.000616
452 0.000668
456 0.000725
460 0.000766
464 0.000799
468 0.000836
472 0.000905
476 0.000961
480 0.001031
484 0.001079
488 0.001120
492 0.001171
496 0.001227
500 0.001308
504 0.001384
508 0.001449
512 0.001496
516 0.001541
520 0.001600
524 0.001670
528 0.001756
532 0.001844
536 0.001908
540 0.001970
544 0.002010
548 0.002058
552 0.002136
556 0.002223
560 0.002327
564 0.002420
568 0.002493
572 0.002560
576 0.002630
580 0.002723
584 0.002869
588 0.003048
592 0.003234
596 0.003359
600 0.003346
604 0.003265
608 0.003229
612 0.003217
616 0.003249
620 0.003291
624 0.003351
628 0.003420
632 0.003513
636 0.003598
640 0.003682
644 0.003756
648 0.003799
652 0.003815
656 0.003841
660 0.003857
664 0.003897
668 0.003969
672 0.004047
676 0.004141
680 0.004234
684 0.004308
688 0.004380
692 0.004403
696 0.004404
700 0.004414
704 0.004397
708 0.004426
712 0.004471
716 0.004538
720 0.004585
724 0.004692
728 0.004778
732 0.004854
736 0.004929
740 0.004973
744 0.004954
748 0.004933
752 0.004950
756 0.004899
760 0.004914
764 0.004888
768 0.004898
772 0.004930
776 0.004959
780 0.005034
