380 0.000038
384 0.000067
388 0.000105
392 0.000292
396 0.000515
400 0.000740
404 0.000761
408 0.000661
412 0.000507
416 0.000378
420 0.000315
424 0.000295
428 0.000302
432 0.000319
436 0.000349
440 0.000373
444 0.000408
448 0.000436
452 0.000478
456 0.000522
460 0.000552
464 0.000578
468 0.000602
472 0.000648
476 0.000682
480 0.000733
484 0.000769
488 0.000796
492 0.000828
496 0.000869
500 0.000922
504 0.000979
508 0.001026
512 0.001058
516 0.001085
520 0.001127
524 0.001177
528 0.001236
532 0.001298
536 0.001346
540 0.001388
544 0.001422
548 0.001454
552 0.001507
556 0.001564
560 0.001623
564 0.001686
568 0.001730
572 0.001781
576 0.001832
580 0.001907
584 0.002024
588 0.002170
592 0.002321
596 0.002419
600 0.002415
604 0.002356
608 0.002321
612 0.002302
616 0.002314
620 0.002326
624 0.002365
628 0.002415
632 0.002494
636 0.002575
640 0.002662
644 0.002757
648 0.002825
652 0.002880
656 0.002950
660 0.003006
664 0.003077
668 0.003164
672 0.003257
676 0.003352
680 0.003436
684 0.003505
688 0.003568
692 0.003596
696 0.003602
700 0.003613
704 0.003606
708 0.003625
712 0.003647
716 0.003683
720 0.003714
724 0.003790
728 0.003837
732 0.003887
736 0.003960
740 0.003989
744 0.003982
748 0.003945
752 0.003951
756 0.003894
760 0.003869
764 0.003833
768 0.003844
772 0.003870
776 0.003892
780 0.003988
