380 0.000030
384 0.000056
388 0.000100
392 0.000284
396 0.000513
400 0.000740
404 0.000763
408 0.000665
412 0.000509
416 0.000382
420 0.000317
424 0.000299
428 0.000305
432 0.000322
436 0.000349
440 0.000376
444 0.000410
448 0.000442
452 0.000484
456 0.000526
460 0.000553
464 0.000578
468 0.000607
472 0.000650
476 0.000687
480 0.000734
484 0.000773
488 0.000801
492 0.000833
496 0.000872
500 0.000928
504 0.000983
508 0.001029
512 0.001060
516 0.001088
520 0.001133
524 0.001182
528 0.001242
532 0.001305
536 0.001352
540 0.001396
544 0.001426
548 0.001459
552 0.001512
556 0.001570
560 0.001634
564 0.001693
568 0.001739
572 0.001787
576 0.001840
580 0.001913
584 0.002030
588 0.002176
592 0.002330
596 0.002427
600 0.002423
604 0.002364
608 0.002329
612 0.002309
616 0.002321
620 0.002337
624 0.002374
628 0.002425
632 0.002502
636 0.002581
640 0.002670
644 0.002767
648 0.002835
652 0.002889
656 0.002957
660 0.003016
664 0.003086
668 0.003177
672 0.003270
676 0.003362
680 0.003453
684 0.003518
688 0.003578
692 0.003605
696 0.003617
700 0.003626
704 0.003613
708 0.003630
712 0.003660
716 0.003696
720 0.003726
724 0.003803
728 0.003851
732 0.003901
736 0.003968
740 0.004006
744 0.003992
748 0.003964
752 0.003965
756 0.003896
760 0.003882
764 0.003864
768 0.003857
772 0.003878
776 0.003907
780 0.004005
