380 0.000042
384 0.000071
388 0.000101
392 0.000294
396 0.000524
400 0.000789
404 0.000848
408 0.000784
412 0.000639
416 0.000507
420 0.000437
424 0.000419
428 0.000429
432 0.000450
436 0.000486
440 0.000518
444 0.000557
448 0.000593
452 0.000644
456 0.000701
460 0.000747
464 0.000781
468 0.000820
472 0.000879
476 0.000930
480 0.000998
484 0.001053
488 0.001093
492 0.001136
496 0.001195
500 0.001274
504 0.001347
508 0.001408
512 0.001449
516 0.001493
520 0.001547
524 0.001617
528 0.001699
532 0.001781
536 0.001845
540 0.001899
544 0.001941
548 0.001984
552 0.002057
556 0.002146
560 0.002244
564 0.002335
568 0.002404
572 0.002468
576 0.002532
580 0.002620
584 0.002759
588 0.002929
592 0.003110
596 0.003232
600 0.003221
604 0.003145
608 0.003106
612 0.003093
616 0.003128
620 0.003164
624 0.003223
628 0.003290
632 0.003380
636 0.003462
640 0.003540
644 0.003614
648 0.003653
652 0.003665
656 0.003692
660 0.003707
664 0.003750
668 0.003820
672 0.003902
676 0.003988
680 0.004073
684 0.004139
688 0.004194
692 0.004214
696 0.004216
700 0.004216
704 0.004206
708 0.004233
712 0.004278
716 0.004325
720 0.004383
724 0.004483
728 0.004553
732 0.004622
736 0.004692
740 0.004737
744 0.004721
748 0.004688
752 0.004695
756 0.004656
760 0.004653
764 0.004656
768 0.004663
772 0.004700
776 0.004722
780 0.004769
