380 0.000029
384 0.000066
388 0.000094
392 0.000264
396 0.000471
400 0.000695
404 0.000730
408 0.000650
412 0.000507
416 0.000382
420 0.000320
424 0.000298
428 0.000301
432 0.000321
436 0.000345
440 0.000364
444 0.000396
448 0.000424
452 0.000464
456 0.000504
460 0.000532
464 0.000555
468 0.000582
472 0.000623
476 0.000663
480 0.000709
484 0.000746
488 0.000776
492 0.000810
496 0.000850
500 0.000906
504 0.000965
508 0.001014
512 0.001044
516 0.001077
520 0.001124
524 0.001181
528 0.001243
532 0.001308
536 0.001354
540 0.001400
544 0.001432
548 0.001464
552 0.001520
556 0.001587
560 0.001658
564 0.001726
568 0.001776
572 0.001821
576 0.001869
580 0.001936
584 0.002040
588 0.002168
592 0.002300
596 0.002382
600 0.002372
604 0.002311
608 0.002282
612 0.002270
616 0.002288
620 0.002314
624 0.002357
628 0.002404
632 0.002468
636 0.002526
640 0.002584
644 0.002635
648 0.002663
652 0.002671
656 0.002688
660 0.002698
664 0.002725
668 0.002777
672 0.002831
676 0.002890
680 0.002952
684 0.003000
688 0.003043
692 0.003056
696 0.003063
700 0.003063
704 0.003052
708 0.003069
712 0.003102
716 0.003139
720 0.003181
724 0.003256
728 0.003301
732 0.003351
736 0.003408
740 0.003430
744 0.003425
748 0.003409
752 0.003412
756 0.003368
760 0.003374
764 0.003361
768 0.003368
772 0.003387
776 0.003409
780 0.003474
