380 0.000000
384 0.000000
388 0.000000
392 0.000002
396 0.000003
400 0.000008
404 0.000012
408 0.000016
412 0.000018
416 0.000023
420 0.000041
424 0.000063
428 0.000096
432 0.000178
436 0.000274
440 0.000237
444 0.000195
448 0.000194
452 0.000197
456 0.000191
460 0.000175
464 0.000155
468 0.000135
472 0.000117
476 0.000106
480 0.000118
484 0.000168
488 0.000213
492 0.000200
496 0.000143
500 0.000089
504 0.000051
508 0.000033
512 0.000023
516 0.000019
520 0.000014
524 0.000011
528 0.000010
532 0.000015
536 0.000067
540 0.000259
544 0.000449
548 0.000325
552 0.000140
556 0.000049
560 0.000015
564 0.000006
568 0.000006
572 0.000014
576 0.000039
580 0.000081
584 0.000133
588 0.000158
592 0.000132
596 0.000090
600 0.000066
604 0.000092
608 0.000313
612 0.000491
616 0.000366
620 0.000225
624 0.000156
628 0.000117
632 0.000085
636 0.000042
640 0.000022
644 0.000026
648 0.000031
652 0.000032
656 0.000023
660 0.000019
664 0.000023
668 0.000022
672 0.000020
676 0.000017
680 0.000019
684 0.000018
688 0.000017
692 0.000013
696 0.000008
700 0.000008
704 0.000026
708 0.000047
712 0.000034
716 0.000010
720 0.000001
724 0.000001
728 0.000001
732 0.000000
736 0.000001
740 0.000001
744 0.000002
748 0.000000
752 0.000001
756 0.000001
760 0.000007
764 0.000006
768 0.000002
772 0.000004
776 0.000004
780 0.000002
