380 0.000004
384 0.000002
388 0.000003
392 0.000004
396 0.000005
400 0.000013
404 0.000029
408 0.000034
412 0.000035
416 0.000053
420 0.000100
424 0.000156
428 0.000234
432 0.000433
436 0.000668
440 0.000578
444 0.000469
448 0.000463
452 0.000468
456 0.000455
460 0.000418
464 0.000367
468 0.000322
472 0.000281
476 0.000250
480 0.000273
484 0.000380
488 0.000474
492 0.000436
496 0.000314
500 0.000189
504 0.000110
508 0.000070
512 0.000051
516 0.000037
520 0.000031
524 0.000020
528 0.000018
532 0.000031
536 0.000132
540 0.000506
544 0.000884
548 0.000637
552 0.000274
556 0.000095
560 0.000030
564 0.000016
568 0.000015
572 0.000030
576 0.000097
580 0.000241
584 0.000477
588 0.000611
592 0.000525
596 0.000369
600 0.000284
604 0.000423
608 0.001526
612 0.002424
616 0.001799
620 0.001106
624 0.000783
628 0.000584
632 0.000422
636 0.000203
640 0.000112
644 0.000127
648 0.000162
652 0.000164
656 0.000115
660 0.000096
664 0.000117
668 0.000109
672 0.000099
676 0.000093
680 0.000098
684 0.000090
688 0.000089
692 0.000071
696 0.000046
700 0.000048
704 0.000131
708 0.000229
712 0.000176
716 0.000064
720 0.000017
724 0.000011
728 0.000009
732 0.000007
736 0.000012
740 0.000019
744 0.000004
748 0.000008
752 0.000027
756 0.000008
760 0.000025
764 0.000021
768 0.000009
772 0.000006
776 0.000025
780 0.000014
