380 0.000032
384 0.000008
388 0.000001
392 0.000001
396 0.000001
400 0.000008
404 0.000028
408 0.000024
412 0.000028
416 0.000036
420 0.000088
424 0.000127
428 0.000188
432 0.000331
436 0.000506
440 0.000434
444 0.000340
448 0.000332
452 0.000336
456 0.000322
460 0.000293
464 0.000259
468 0.000225
472 0.000191
476 0.000161
480 0.000163
484 0.000207
488 0.000235
492 0.000194
496 0.000125
500 0.000066
504 0.000039
508 0.000018
512 0.000009
516 0.000005
520 0.000011
524 0.000008
528 0.000004
532 0.000003
536 0.000011
540 0.000026
544 0.000045
548 0.000024
552 0.000008
556 0.000003
560 0.000002
564 0.000008
568 0.000005
572 0.000014
576 0.000077
580 0.000285
584 0.000712
588 0.001005
592 0.000906
596 0.000660
600 0.000523
604 0.000820
608 0.003018
612 0.004821
616 0.003582
620 0.002193
624 0.001568
628 0.001185
632 0.000867
636 0.000416
640 0.000227
644 0.000258
648 0.000332
652 0.000330
656 0.000230
660 0.000208
664 0.000236
668 0.000226
672 0.000204
676 0.000192
680 0.000202
684 0.000189
688 0.000183
692 0.000154
696 0.000099
700 0.000099
704 0.000276
708 0.000487
712 0.000376
716 0.000132
720 0.000034
724 0.000020
728 0.000009
732 0.000024
736 0.000026
740 0.000041
744 0.000018
748 0.000008
752 0.000018
756 0.000007
760 0.000032
764 0.000034
768 0.000035
772 0.000004
776 0.000005
780 0.000025
