380 0.000002
384 0.000002
388 0.000013
392 0.000001
396 0.000007
400 0.000026
404 0.000041
408 0.000042
412 0.000057
416 0.000095
420 0.000163
424 0.000277
428 0.000423
432 0.000806
436 0.001250
440 0.001107
444 0.000899
448 0.000905
452 0.000914
456 0.000900
460 0.000822
464 0.000729
468 0.000634
472 0.000559
476 0.000484
480 0.000521
484 0.000704
488 0.000871
492 0.000790
496 0.000568
500 0.000339
504 0.000192
508 0.000119
512 0.000083
516 0.000059
520 0.000053
524 0.000036
528 0.000035
532 0.000050
536 0.000207
540 0.000792
544 0.001385
548 0.000999
552 0.000432
556 0.000145
560 0.000047
564 0.000025
568 0.000020
572 0.000045
576 0.000150
580 0.000362
584 0.000696
588 0.000895
592 0.000760
596 0.000534
600 0.000408
604 0.000623
608 0.002242
612 0.003567
616 0.002643
620 0.001614
624 0.001138
628 0.000860
632 0.000620
636 0.000304
640 0.000162
644 0.000189
648 0.000238
652 0.000238
656 0.000161
660 0.000162
664 0.000167
668 0.000164
672 0.000141
676 0.000146
680 0.000141
684 0.000134
688 0.000129
692 0.000112
696 0.000058
700 0.000069
704 0.000185
708 0.000356
712 0.000266
716 0.000101
720 0.000030
724 0.000016
728 0.000011
732 0.000018
736 0.000013
740 0.000025
744 0.000017
748 0.000034
752 0.000024
756 0.000008
760 0.000017
764 0.000018
768 0.000007
772 0.000022
776 0.000023
780 0.000015
