380 0.000028
384 0.000007
388 0.000002
392 0.000005
396 0.000008
400 0.000018
404 0.000046
408 0.000065
412 0.000068
416 0.000107
420 0.000255
424 0.000465
428 0.000741
432 0.001462
436 0.002297
440 0.002045
444 0.001722
448 0.001782
452 0.001842
456 0.001838
460 0.001727
464 0.001554
468 0.001367
472 0.001231
476 0.001130
480 0.001321
484 0.001969
488 0.002541
492 0.002421
496 0.001786
500 0.001139
504 0.000679
508 0.000440
512 0.000337
516 0.000268
520 0.000202
524 0.000155
528 0.000146
532 0.000249
536 0.001114
540 0.004393
544 0.007592
548 0.005435
552 0.002338
556 0.000825
560 0.000258
564 0.000122
568 0.000110
572 0.000225
576 0.000618
580 0.001140
584 0.001639
588 0.001737
592 0.001305
596 0.000819
600 0.000584
604 0.000810
608 0.002794
612 0.004350
616 0.003181
620 0.001919
624 0.001357
628 0.001025
632 0.000739
636 0.000360
640 0.000212
644 0.000228
648 0.000279
652 0.000283
656 0.000192
660 0.000200
664 0.000213
668 0.000207
672 0.000172
676 0.000178
680 0.000186
684 0.000166
688 0.000164
692 0.000157
696 0.000097
700 0.000100
704 0.000251
708 0.000465
712 0.000353
716 0.000130
720 0.000048
724 0.000026
728 0.000022
732 0.000013
736 0.000005
740 0.000016
744 0.000044
748 0.000027
752 0.000064
756 0.000018
760 0.000075
764 0.000080
768 0.000013
772 0.000079
776 0.000085
780 0.000030
