380 0.000014
384 0.000002
388 0.000006
392 0.000001
396 0.000004
400 0.000013
404 0.000019
408 0.000028
412 0.000025
416 0.000029
420 0.000061
424 0.000088
428 0.000119
432 0.000200
436 0.000297
440 0.000248
444 0.000191
448 0.000185
452 0.000184
456 0.000177
460 0.000159
464 0.000144
468 0.000121
472 0.000104
476 0.000095
480 0.000098
484 0.000135
488 0.000167
492 0.000151
496 0.000105
500 0.000062
504 0.000035
508 0.000022
512 0.000018
516 0.000008
520 0.000009
524 0.000005
528 0.000007
532 0.000012
536 0.000042
540 0.000163
544 0.000282
548 0.000202
552 0.000086
556 0.000029
560 0.000009
564 0.000006
568 0.000005
572 0.000016
576 0.000075
580 0.000240
584 0.000558
588 0.000767
592 0.000683
596 0.000492
600 0.000383
604 0.000602
608 0.002188
612 0.003457
616 0.002563
620 0.001570
624 0.001116
628 0.000842
632 0.000608
636 0.000294
640 0.000169
644 0.000185
648 0.000240
652 0.000239
656 0.000164
660 0.000150
664 0.000168
668 0.000158
672 0.000138
676 0.000130
680 0.000136
684 0.000132
688 0.000133
692 0.000110
696 0.000070
700 0.000063
704 0.000182
708 0.000334
712 0.000252
716 0.000094
720 0.000029
724 0.000013
728 0.000015
732 0.000011
736 0.000002
740 0.000014
744 0.000003
748 0.000013
752 0.000006
756 0.000021
760 0.000030
764 0.000031
768 0.000032
772 0.000014
776 0.000006
780 0.000017
