380 0.000011
384 0.000035
388 0.000004
392 0.000004
396 0.000002
400 0.000013
404 0.000032
408 0.000022
412 0.000023
416 0.000036
420 0.000056
424 0.000066
428 0.000089
432 0.000153
436 0.000226
440 0.000185
444 0.000139
448 0.000142
452 0.000127
456 0.000120
460 0.000107
464 0.000093
468 0.000078
472 0.000074
476 0.000059
480 0.000061
484 0.000078
488 0.000088
492 0.000070
496 0.000043
500 0.000027
504 0.000018
508 0.000010
512 0.000006
516 0.000007
520 0.000001
524 0.000003
528 0.000003
532 0.000003
536 0.000002
540 0.000009
544 0.000009
548 0.000011
552 0.000008
556 0.000004
560 0.000006
564 0.000004
568 0.000004
572 0.000010
576 0.000076
580 0.000277
584 0.000710
588 0.001002
592 0.000909
596 0.000663
600 0.000524
604 0.000824
608 0.003011
612 0.004806
616 0.003576
620 0.002189
624 0.001558
628 0.001185
632 0.000855
636 0.000418
640 0.000231
644 0.000258
648 0.000334
652 0.000326
656 0.000237
660 0.000207
664 0.000240
668 0.000227
672 0.000210
676 0.000198
680 0.000204
684 0.000185
688 0.000183
692 0.000154
696 0.000099
700 0.000092
704 0.000274
708 0.000492
712 0.000360
716 0.000136
720 0.000050
724 0.000022
728 0.000017
732 0.000014
736 0.000021
740 0.000037
744 0.000031
748 0.000014
752 0.000027
756 0.000005
760 0.000010
764 0.000032
768 0.000014
772 0.000049
776 0.000022
780 0.000040
