380 0.000007
384 0.000004
388 0.000001
392 0.000004
396 0.000010
400 0.000013
404 0.000022
408 0.000024
412 0.000027
416 0.000038
420 0.000058
424 0.000091
428 0.000129
432 0.000235
436 0.000354
440 0.000302
444 0.000239
448 0.000236
452 0.000238
456 0.000228
460 0.000210
464 0.000185
468 0.000161
472 0.000139
476 0.000121
480 0.000126
484 0.000166
488 0.000205
492 0.000185
496 0.000125
500 0.000076
504 0.000042
508 0.000025
512 0.000018
516 0.000013
520 0.000009
524 0.000008
528 0.000007
532 0.000010
536 0.000039
540 0.000154
544 0.000268
548 0.000193
552 0.000082
556 0.000027
560 0.000007
564 0.000007
568 0.000005
572 0.000013
576 0.000050
580 0.000144
584 0.000325
588 0.000436
592 0.000386
596 0.000278
600 0.000215
604 0.000330
608 0.001184
612 0.001873
616 0.001391
620 0.000856
624 0.000604
628 0.000450
632 0.000326
636 0.000158
640 0.000089
644 0.000095
648 0.000128
652 0.000129
656 0.000087
660 0.000078
664 0.000088
668 0.000084
672 0.000072
676 0.000069
680 0.000072
684 0.000069
688 0.000068
692 0.000054
696 0.000039
700 0.000034
704 0.000098
708 0.000178
712 0.000133
716 0.000052
720 0.000007
724 0.000007
728 0.000001
732 0.000006
736 0.000004
740 0.000009
744 0.000013
748 0.000004
752 0.000002
756 0.000004
760 0.000013
764 0.000009
768 0.000027
772 0.000016
776 0.000019
780 0.000006
