380 0.000007
384 0.000020
388 0.000002
392 0.000002
396 0.000009
400 0.000019
404 0.000036
408 0.000036
412 0.000054
416 0.000084
420 0.000168
424 0.000294
428 0.000456
432 0.000875
436 0.001359
440 0.001191
444 0.000984
448 0.000989
452 0.001010
456 0.000989
460 0.000913
464 0.000806
468 0.000701
472 0.000619
476 0.000553
480 0.000620
484 0.000875
488 0.001111
492 0.001035
496 0.000749
500 0.000468
504 0.000269
508 0.000170
512 0.000124
516 0.000097
520 0.000073
524 0.000054
528 0.000049
532 0.000081
536 0.000350
540 0.001355
544 0.002341
548 0.001691
552 0.000726
556 0.000257
560 0.000079
564 0.000039
568 0.000032
572 0.000068
576 0.000192
580 0.000376
584 0.000595
588 0.000671
592 0.000537
596 0.000355
600 0.000255
604 0.000366
608 0.001279
612 0.002014
616 0.001491
620 0.000909
624 0.000645
628 0.000475
632 0.000342
636 0.000166
640 0.000095
644 0.000103
648 0.000132
652 0.000134
656 0.000089
660 0.000080
664 0.000093
668 0.000088
672 0.000080
676 0.000076
680 0.000079
684 0.000067
688 0.000072
692 0.000057
696 0.000035
700 0.000038
704 0.000112
708 0.000191
712 0.000143
716 0.000053
720 0.000013
724 0.000006
728 0.000009
732 0.000007
736 0.000005
740 0.000009
744 0.000006
748 0.000007
752 0.000001
756 0.000018
760 0.000021
764 0.000012
768 0.000016
772 0.000018
776 0.000003
780 0.000015
