380 0.000001
384 0.000006
388 0.000001
392 0.000001
396 0.000004
400 0.000009
404 0.000022
408 0.000024
412 0.000028
416 0.000039
420 0.000083
424 0.000128
428 0.000187
432 0.000339
436 0.000512
440 0.000440
444 0.000353
448 0.000347
452 0.000348
456 0.000338
460 0.000308
464 0.000270
468 0.000234
472 0.000202
476 0.000180
480 0.000191
484 0.000265
488 0.000325
492 0.000298
496 0.000206
500 0.000127
504 0.000070
508 0.000046
512 0.000032
516 0.000024
520 0.000019
524 0.000013
528 0.000012
532 0.000020
536 0.000080
540 0.000302
544 0.000521
548 0.000382
552 0.000166
556 0.000058
560 0.000017
564 0.000009
568 0.000009
572 0.000021
576 0.000083
580 0.000237
584 0.000520
588 0.000696
592 0.000612
596 0.000436
600 0.000337
604 0.000523
608 0.001897
612 0.003013
616 0.002235
620 0.001366
624 0.000970
628 0.000730
632 0.000528
636 0.000257
640 0.000143
644 0.000159
648 0.000210
652 0.000207
656 0.000141
660 0.000127
664 0.000146
668 0.000139
672 0.000121
676 0.000118
680 0.000122
684 0.000113
688 0.000110
692 0.000085
696 0.000057
700 0.000059
704 0.000166
708 0.000291
712 0.000215
716 0.000082
720 0.000020
724 0.000004
728 0.000019
732 0.000008
736 0.000008
740 0.000018
744 0.000020
748 0.000017
752 0.000017
756 0.000005
760 0.000002
764 0.000002
768 0.000008
772 0.000021
776 0.000026
780 0.000002
