380 0.000001
384 0.000001
388 0.000001
392 0.000001
396 0.000005
400 0.000010
404 0.000019
408 0.000023
412 0.000026
416 0.000032
420 0.000056
424 0.000088
428 0.000126
432 0.000227
436 0.000345
440 0.000297
444 0.000237
448 0.000235
452 0.000236
456 0.000229
460 0.000208
464 0.000185
468 0.000159
472 0.000139
476 0.000125
480 0.000139
484 0.000200
488 0.000253
492 0.000234
496 0.000170
500 0.000103
504 0.000060
508 0.000039
512 0.000028
516 0.000020
520 0.000016
524 0.000012
528 0.000012
532 0.000019
536 0.000078
540 0.000304
544 0.000528
548 0.000382
552 0.000164
556 0.000056
560 0.000017
564 0.000010
568 0.000007
572 0.000019
576 0.000062
580 0.000154
584 0.000301
588 0.000386
592 0.000334
596 0.000236
600 0.000180
604 0.000269
608 0.000957
612 0.001512
616 0.001126
620 0.000690
624 0.000487
628 0.000363
632 0.000263
636 0.000130
640 0.000070
644 0.000078
648 0.000102
652 0.000101
656 0.000071
660 0.000063
664 0.000071
668 0.000068
672 0.000060
676 0.000059
680 0.000059
684 0.000056
688 0.000054
692 0.000044
696 0.000029
700 0.000028
704 0.000078
708 0.000138
712 0.000110
716 0.000041
720 0.000010
724 0.000009
728 0.000008
732 0.000002
736 0.000000
740 0.000008
744 0.000008
748 0.000005
752 0.000007
756 0.000003
760 0.000013
764 0.000011
768 0.000017
772 0.000001
776 0.000008
780 0.000008
