380 0.000019
384 0.000014
388 0.000015
392 0.000021
396 0.000022
400 0.000034
404 0.000041
408 0.000056
412 0.000071
416 0.000126
420 0.000270
424 0.000454
428 0.000723
432 0.001407
436 0.002203
440 0.001943
444 0.001612
448 0.001645
452 0.001688
456 0.001666
460 0.001551
464 0.001377
468 0.001208
472 0.001063
476 0.000948
480 0.001048
484 0.001460
488 0.001817
492 0.001676
496 0.001202
500 0.000742
504 0.000425
508 0.000259
512 0.000195
516 0.000148
520 0.000105
524 0.000090
528 0.000077
532 0.000123
536 0.000515
540 0.001999
544 0.003454
548 0.002477
552 0.001068
556 0.000371
560 0.000114
564 0.000057
568 0.000044
572 0.000103
576 0.000276
580 0.000538
584 0.000821
588 0.000915
592 0.000720
596 0.000473
600 0.000331
604 0.000483
608 0.001662
612 0.002617
616 0.001932
620 0.001173
624 0.000829
628 0.000615
632 0.000446
636 0.000219
640 0.000114
644 0.000131
648 0.000171
652 0.000172
656 0.000119
660 0.000109
664 0.000122
668 0.000115
672 0.000090
676 0.000097
680 0.000091
684 0.000093
688 0.000091
692 0.000074
696 0.000049
700 0.000051
704 0.000148
708 0.000257
712 0.000200
716 0.000068
720 0.000034
724 0.000013
728 0.000028
732 0.000018
736 0.000020
740 0.000022
744 0.000016
748 0.000019
752 0.000002
756 0.000028
760 0.000003
764 0.000011
768 0.000031
772 0.000033
776 0.000017
780 0.000018
