380 0.000001
384 0.000001
388 0.000001
392 0.000001
396 0.000005
400 0.000010
404 0.000015
408 0.000018
412 0.000018
416 0.000025
420 0.000039
424 0.000062
428 0.000094
432 0.000175
436 0.000267
440 0.000233
444 0.000191
448 0.000190
452 0.000192
456 0.000187
460 0.000172
464 0.000151
468 0.000132
472 0.000114
476 0.000104
480 0.000116
484 0.000167
488 0.000213
492 0.000199
496 0.000144
500 0.000088
504 0.000052
508 0.000032
512 0.000024
516 0.000018
520 0.000014
524 0.000011
528 0.000009
532 0.000016
536 0.000069
540 0.000264
544 0.000460
548 0.000334
552 0.000144
556 0.000050
560 0.000016
564 0.000007
568 0.000006
572 0.000015
576 0.000039
580 0.000080
584 0.000130
588 0.000154
592 0.000127
596 0.000087
600 0.000063
604 0.000087
608 0.000294
612 0.000462
616 0.000345
620 0.000211
624 0.000147
628 0.000108
632 0.000080
636 0.000039
640 0.000022
644 0.000023
648 0.000031
652 0.000030
656 0.000020
660 0.000017
664 0.000020
668 0.000019
672 0.000018
676 0.000018
680 0.000017
684 0.000017
688 0.000016
692 0.000013
696 0.000006
700 0.000008
704 0.000025
708 0.000044
712 0.000032
716 0.000012
720 0.000002
724 0.000003
728 0.000001
732 0.000000
736 0.000000
740 0.000005
744 0.000002
748 0.000003
752 0.000002
756 0.000002
760 0.000001
764 0.000004
768 0.000001
772 0.000005
776 0.000003
780 0.000003
