380 0.000002
384 0.000026
388 0.000006
392 0.000002
396 0.000009
400 0.000012
404 0.000015
408 0.000018
412 0.000024
416 0.000034
420 0.000036
424 0.000047
428 0.000071
432 0.000120
436 0.000172
440 0.000150
444 0.000099
448 0.000099
452 0.000095
456 0.000085
460 0.000069
464 0.000061
468 0.000059
472 0.000058
476 0.000041
480 0.000034
484 0.000043
488 0.000050
492 0.000042
496 0.000033
500 0.000015
504 0.000008
508 0.000002
512 0.000006
516 0.000002
520 0.000002
524 0.000001
528 0.000004
532 0.000002
536 0.000005
540 0.000006
544 0.000024
548 0.000011
552 0.000007
556 0.000005
560 0.000006
564 0.000005
568 0.000006
572 0.000018
576 0.000077
580 0.000278
584 0.000708
588 0.001000
592 0.000905
596 0.000654
600 0.000518
604 0.000809
608 0.003009
612 0.004800
616 0.003578
620 0.002190
624 0.001556
628 0.001172
632 0.000857
636 0.000409
640 0.000224
644 0.000254
648 0.000337
652 0.000334
656 0.000239
660 0.000199
664 0.000234
668 0.000223
672 0.000214
676 0.000193
680 0.000205
684 0.000194
688 0.000198
692 0.000146
696 0.000097
700 0.000108
704 0.000281
708 0.000493
712 0.000368
716 0.000134
720 0.000035
724 0.000012
728 0.000022
732 0.000016
736 0.000013
740 0.000010
744 0.000015
748 0.000026
752 0.000030
756 0.000005
760 0.000038
764 0.000041
768 0.000040
772 0.000025
776 0.000060
780 0.000019
