380 0.000000
384 0.000001
388 0.000000
392 0.000002
396 0.000007
400 0.000010
404 0.000016
408 0.000018
412 0.000019
416 0.000026
420 0.000043
424 0.000067
428 0.000100
432 0.000185
436 0.000286
440 0.000249
444 0.000203
448 0.000204
452 0.000206
456 0.000201
460 0.000184
464 0.000163
468 0.000143
472 0.000125
476 0.000112
480 0.000125
484 0.000181
488 0.000233
492 0.000217
496 0.000158
500 0.000096
504 0.000056
508 0.000037
512 0.000027
516 0.000021
520 0.000015
524 0.000012
528 0.000011
532 0.000018
536 0.000076
540 0.000294
544 0.000507
548 0.000368
552 0.000159
556 0.000055
560 0.000017
564 0.000008
568 0.000007
572 0.000015
576 0.000042
580 0.000082
584 0.000129
588 0.000148
592 0.000120
596 0.000081
600 0.000059
604 0.000079
608 0.000264
612 0.000413
616 0.000308
620 0.000188
624 0.000131
628 0.000099
632 0.000072
636 0.000035
640 0.000020
644 0.000020
648 0.000026
652 0.000025
656 0.000019
660 0.000015
664 0.000019
668 0.000017
672 0.000015
676 0.000016
680 0.000014
684 0.000015
688 0.000011
692 0.000011
696 0.000007
700 0.000006
704 0.000022
708 0.000037
712 0.000030
716 0.000010
720 0.000002
724 0.000002
728 0.000000
732 0.000001
736 0.000000
740 0.000003
744 0.000002
748 0.000000
752 0.000001
756 0.000000
760 0.000002
764 0.000003
768 0.000001
772 0.000006
776 0.000001
780 0.000006
