380 0.000228
384 0.000688
388 0.001373
392 0.004274
396 0.007767
400 0.011330
404 0.011740
408 0.010050
412 0.007128
416 0.004443
420 0.002540
424 0.001458
428 0.000846
432 0.000508
436 0.000318
440 0.000204
444 0.000130
448 0.000074
452 0.000052
456 0.000046
460 0.000039
464 0.000027
468 0.000022
472 0.000023
476 0.000021
480 0.000014
484 0.000007
488 0.000013
492 0.000008
496 0.000005
500 0.000004
504 0.000012
508 0.000009
512 0.000005
516 0.000001
520 0.000007
524 0.000012
528 0.000015
532 0.000007
536 0.000002
540 0.000009
544 0.000003
548 0.000002
552 0.000005
556 0.000019
560 0.000041
564 0.000088
568 0.000154
572 0.000255
576 0.000412
580 0.000679
584 0.001141
588 0.001783
592 0.002362
596 0.002397
600 0.001763
604 0.000939
608 0.000473
612 0.000241
616 0.000128
620 0.000066
624 0.000051
628 0.000031
632 0.000019
636 0.000011
640 0.000010
644 0.000017
648 0.000012
652 0.000016
656 0.000019
660 0.000014
664 0.000005
668 0.000008
672 0.000005
676 0.000004
680 0.000002
684 0.000001
688 0.000009
692 0.000003
696 0.000001
700 0.000005
704 0.000004
708 0.000002
712 0.000007
716 0.000008
720 0.000010
724 0.000007
728 0.000018
732 0.000005
736 0.000004
740 0.000003
744 0.000004
748 0.000014
752 0.000008
756 0.000014
760 0.000009
764 0.000035
768 0.000037
772 0.000058
776 0.000082
780 0.000224
