380 0.000003
384 0.000008
388 0.000006
392 0.000001
396 0.000006
400 0.000027
404 0.000034
408 0.000038
412 0.000056
416 0.000099
420 0.000185
424 0.000333
428 0.000511
432 0.000984
436 0.001591
440 0.001424
444 0.001165
448 0.001181
452 0.001213
456 0.001192
460 0.001104
464 0.000981
468 0.000852
472 0.000744
476 0.000671
480 0.000733
484 0.001026
488 0.001313
492 0.001236
496 0.000898
500 0.000561
504 0.000324
508 0.000201
512 0.000145
516 0.000113
520 0.000085
524 0.000061
528 0.000056
532 0.000089
536 0.000362
540 0.001483
544 0.002712
548 0.002006
552 0.000873
556 0.000310
560 0.000097
564 0.000039
568 0.000037
572 0.000073
576 0.000186
580 0.000337
584 0.000448
588 0.000448
592 0.000331
596 0.000202
600 0.000130
604 0.000149
608 0.000483
612 0.000790
616 0.000589
620 0.000345
624 0.000239
628 0.000177
632 0.000129
636 0.000067
640 0.000037
644 0.000034
648 0.000046
652 0.000052
656 0.000031
660 0.000032
664 0.000030
668 0.000030
672 0.000034
676 0.000029
680 0.000026
684 0.000027
688 0.000028
692 0.000018
696 0.000014
700 0.000016
704 0.000042
708 0.000079
712 0.000060
716 0.000025
720 0.000009
724 0.000001
728 0.000006
732 0.000016
736 0.000005
740 0.000001
744 0.000004
748 0.000016
752 0.000010
756 0.000005
760 0.000013
764 0.000004
768 0.000010
772 0.000012
776 0.000029
780 0.000006
