380 0.000000
384 0.000001
388 0.000001
392 0.000001
396 0.000007
400 0.000013
404 0.000017
408 0.000021
412 0.000022
416 0.000023
420 0.000035
424 0.000055
428 0.000081
432 0.000151
436 0.000240
440 0.000214
444 0.000175
448 0.000177
452 0.000180
456 0.000175
460 0.000160
464 0.000141
468 0.000124
472 0.000109
476 0.000101
480 0.000120
484 0.000181
488 0.000245
492 0.000240
496 0.000181
500 0.000114
504 0.000068
508 0.000044
512 0.000031
516 0.000026
520 0.000020
524 0.000015
528 0.000014
532 0.000022
536 0.000091
540 0.000378
544 0.000693
548 0.000516
552 0.000227
556 0.000080
560 0.000025
564 0.000011
568 0.000009
572 0.000019
576 0.000048
580 0.000081
584 0.000098
588 0.000094
592 0.000070
596 0.000042
600 0.000027
604 0.000022
608 0.000050
612 0.000079
616 0.000058
620 0.000031
624 0.000021
628 0.000016
632 0.000011
636 0.000007
640 0.000003
644 0.000001
648 0.000004
652 0.000004
656 0.000001
660 0.000003
664 0.000004
668 0.000001
672 0.000003
676 0.000003
680 0.000000
684 0.000002
688 0.000002
692 0.000001
696 0.000003
700 0.000002
704 0.000003
708 0.000010
712 0.000002
716 0.000001
720 0.000000
724 0.000000
728 0.000000
732 0.000000
736 0.000000
740 0.000002
744 0.000000
748 0.000000
752 0.000001
756 0.000002
760 0.000004
764 0.000002
768 0.000006
772 0.000004
776 0.000001
780 0.000001
