380 0.000000
384 0.000000
388 0.000001
392 0.000002
396 0.000006
400 0.000010
404 0.000018
408 0.000018
412 0.000021
416 0.000024
420 0.000034
424 0.000050
428 0.000075
432 0.000142
436 0.000224
440 0.000199
444 0.000161
448 0.000164
452 0.000167
456 0.000161
460 0.000148
464 0.000133
468 0.000115
472 0.000101
476 0.000095
480 0.000115
484 0.000178
488 0.000243
492 0.000239
496 0.000182
500 0.000117
504 0.000069
508 0.000044
512 0.000034
516 0.000027
520 0.000021
524 0.000015
528 0.000014
532 0.000023
536 0.000097
540 0.000396
544 0.000727
548 0.000542
552 0.000238
556 0.000083
560 0.000026
564 0.000011
568 0.000010
572 0.000019
576 0.000050
580 0.000084
584 0.000102
588 0.000098
592 0.000071
596 0.000044
600 0.000027
604 0.000022
608 0.000049
612 0.000076
616 0.000055
620 0.000031
624 0.000019
628 0.000014
632 0.000010
636 0.000005
640 0.000003
644 0.000003
648 0.000004
652 0.000005
656 0.000003
660 0.000001
664 0.000003
668 0.000002
672 0.000002
676 0.000003
680 0.000001
684 0.000001
688 0.000002
692 0.000001
696 0.000001
700 0.000001
704 0.000002
708 0.000007
712 0.000006
716 0.000002
720 0.000001
724 0.000001
728 0.000000
732 0.000000
736 0.000000
740 0.000000
744 0.000001
748 0.000002
752 0.000000
756 0.000000
760 0.000000
764 0.000007
768 0.000005
772 0.000010
776 0.000005
780 0.000001
