380 0.000041
384 0.000004
388 0.000002
392 0.000008
396 0.000009
400 0.000012
404 0.000052
408 0.000061
412 0.000060
416 0.000143
420 0.000281
424 0.000466
428 0.000741
432 0.001463
436 0.002366
440 0.002153
444 0.001809
448 0.001825
452 0.001908
456 0.001923
460 0.001795
464 0.001613
468 0.001439
472 0.001277
476 0.001167
480 0.001356
484 0.001990
488 0.002608
492 0.002520
496 0.001867
500 0.001203
504 0.000732
508 0.000475
512 0.000342
516 0.000269
520 0.000213
524 0.000160
528 0.000152
532 0.000245
536 0.001027
540 0.004278
544 0.007890
548 0.005845
552 0.002547
556 0.000905
560 0.000281
564 0.000119
568 0.000099
572 0.000207
576 0.000612
580 0.001159
584 0.001673
588 0.001803
592 0.001391
596 0.000874
600 0.000625
604 0.000788
608 0.002715
612 0.004516
616 0.003387
620 0.001999
624 0.001429
628 0.001072
632 0.000781
636 0.000397
640 0.000220
644 0.000235
648 0.000311
652 0.000296
656 0.000191
660 0.000198
664 0.000216
668 0.000210
672 0.000196
676 0.000187
680 0.000181
684 0.000176
688 0.000151
692 0.000128
696 0.000109
700 0.000089
704 0.000277
708 0.000473
712 0.000376
716 0.000178
720 0.000026
724 0.000023
728 0.000020
732 0.000013
736 0.000074
740 0.000011
744 0.000044
748 0.000096
752 0.000020
756 0.000029
760 0.000093
764 0.000010
768 0.000043
772 0.000096
776 0.000009
780 0.000097
