380 0.000006
384 0.000011
388 0.000001
392 0.000002
396 0.000004
400 0.000016
404 0.000028
408 0.000033
412 0.000036
416 0.000054
420 0.000094
424 0.000149
428 0.000232
432 0.000432
436 0.000682
440 0.000604
444 0.000487
448 0.000488
452 0.000498
456 0.000485
460 0.000446
464 0.000394
468 0.000342
472 0.000300
476 0.000276
480 0.000320
484 0.000475
488 0.000632
492 0.000611
496 0.000455
500 0.000290
504 0.000171
508 0.000109
512 0.000079
516 0.000063
520 0.000048
524 0.000036
528 0.000033
532 0.000055
536 0.000227
540 0.000920
544 0.001679
548 0.001247
552 0.000547
556 0.000192
560 0.000060
564 0.000029
568 0.000023
572 0.000043
576 0.000129
580 0.000253
584 0.000384
588 0.000436
592 0.000350
596 0.000229
600 0.000163
604 0.000212
608 0.000728
612 0.001204
616 0.000908
620 0.000545
624 0.000384
628 0.000283
632 0.000206
636 0.000104
640 0.000054
644 0.000058
648 0.000079
652 0.000081
656 0.000053
660 0.000047
664 0.000053
668 0.000052
672 0.000044
676 0.000045
680 0.000045
684 0.000039
688 0.000043
692 0.000035
696 0.000023
700 0.000021
704 0.000064
708 0.000112
712 0.000081
716 0.000038
720 0.000014
724 0.000002
728 0.000004
732 0.000003
736 0.000002
740 0.000013
744 0.000010
748 0.000004
752 0.000001
756 0.000001
760 0.000001
764 0.000007
768 0.000005
772 0.000007
776 0.000011
780 0.000008
