380 0.000003
384 0.000001
388 0.000002
392 0.000005
396 0.000003
400 0.000012
404 0.000023
408 0.000024
412 0.000028
416 0.000041
420 0.000069
424 0.000106
428 0.000157
432 0.000290
436 0.000461
440 0.000408
444 0.000329
448 0.000329
452 0.000336
456 0.000326
460 0.000298
464 0.000267
468 0.000233
472 0.000201
476 0.000184
480 0.000206
484 0.000301
488 0.000395
492 0.000376
496 0.000280
500 0.000177
504 0.000100
508 0.000065
512 0.000048
516 0.000036
520 0.000028
524 0.000023
528 0.000019
532 0.000031
536 0.000129
540 0.000518
544 0.000947
548 0.000704
552 0.000309
556 0.000109
560 0.000034
564 0.000015
568 0.000012
572 0.000026
576 0.000072
580 0.000148
584 0.000233
588 0.000271
592 0.000222
596 0.000151
600 0.000107
604 0.000138
608 0.000473
612 0.000780
616 0.000588
620 0.000357
624 0.000249
628 0.000185
632 0.000137
636 0.000067
640 0.000035
644 0.000041
648 0.000050
652 0.000051
656 0.000036
660 0.000030
664 0.000034
668 0.000035
672 0.000032
676 0.000029
680 0.000031
684 0.000026
688 0.000028
692 0.000026
696 0.000012
700 0.000013
704 0.000039
708 0.000071
712 0.000056
716 0.000023
720 0.000003
724 0.000005
728 0.000002
732 0.000002
736 0.000006
740 0.000001
744 0.000004
748 0.000008
752 0.000002
756 0.000001
760 0.000007
764 0.000004
768 0.000011
772 0.000013
776 0.000001
780 0.000005
