380 0.000002
384 0.000002
388 0.000004
392 0.000001
396 0.000004
400 0.000015
404 0.000028
408 0.000045
412 0.000060
416 0.000065
420 0.000109
424 0.000200
428 0.000287
432 0.000521
436 0.000843
440 0.000734
444 0.000580
448 0.000593
452 0.000590
456 0.000572
460 0.000531
464 0.000473
468 0.000403
472 0.000365
476 0.000349
480 0.000429
484 0.000688
488 0.000950
492 0.000943
496 0.000738
500 0.000476
504 0.000283
508 0.000187
512 0.000145
516 0.000113
520 0.000085
524 0.000075
528 0.000060
532 0.000101
536 0.000432
540 0.001780
544 0.003270
548 0.002412
552 0.001048
556 0.000372
560 0.000120
564 0.000049
568 0.000047
572 0.000100
576 0.000269
580 0.000573
584 0.001001
588 0.001192
592 0.000986
596 0.000677
600 0.000500
604 0.000675
608 0.002471
612 0.004129
616 0.003109
620 0.001869
624 0.001330
628 0.000992
632 0.000726
636 0.000349
640 0.000190
644 0.000215
648 0.000275
652 0.000268
656 0.000195
660 0.000171
664 0.000185
668 0.000189
672 0.000170
676 0.000152
680 0.000167
684 0.000157
688 0.000143
692 0.000122
696 0.000085
700 0.000070
704 0.000226
708 0.000403
712 0.000311
716 0.000128
720 0.000039
724 0.000023
728 0.000033
732 0.000025
736 0.000004
740 0.000039
744 0.000050
748 0.000033
752 0.000026
756 0.000018
760 0.000015
764 0.000035
768 0.000077
772 0.000005
776 0.000022
780 0.000070
