380 0.000001
384 0.000002
388 0.000002
392 0.000001
396 0.000007
400 0.000017
404 0.000023
408 0.000024
412 0.000026
416 0.000037
420 0.000062
424 0.000096
428 0.000148
432 0.000275
436 0.000436
440 0.000386
444 0.000313
448 0.000312
452 0.000319
456 0.000314
460 0.000288
464 0.000253
468 0.000220
472 0.000195
476 0.000178
480 0.000205
484 0.000308
488 0.000409
492 0.000395
496 0.000295
500 0.000187
504 0.000108
508 0.000070
512 0.000054
516 0.000043
520 0.000031
524 0.000024
528 0.000023
532 0.000036
536 0.000147
540 0.000599
544 0.001089
548 0.000811
552 0.000356
556 0.000125
560 0.000038
564 0.000017
568 0.000013
572 0.000029
576 0.000081
580 0.000148
584 0.000209
588 0.000227
592 0.000177
596 0.000113
600 0.000079
604 0.000094
608 0.000306
612 0.000504
616 0.000377
620 0.000225
624 0.000158
628 0.000116
632 0.000085
636 0.000044
640 0.000023
644 0.000022
648 0.000032
652 0.000033
656 0.000022
660 0.000018
664 0.000022
668 0.000019
672 0.000021
676 0.000018
680 0.000018
684 0.000018
688 0.000016
692 0.000011
696 0.000012
700 0.000009
704 0.000024
708 0.000048
712 0.000037
716 0.000014
720 0.000006
724 0.000002
728 0.000000
732 0.000000
736 0.000002
740 0.000001
744 0.000001
748 0.000006
752 0.000010
756 0.000001
760 0.000002
764 0.000013
768 0.000005
772 0.000003
776 0.000008
780 0.000004
