380 0.000004
384 0.000002
388 0.000001
392 0.000006
396 0.000010
400 0.000018
404 0.000026
408 0.000028
412 0.000030
416 0.000044
420 0.000066
424 0.000101
428 0.000152
432 0.000270
436 0.000426
440 0.000375
444 0.000298
448 0.000292
452 0.000296
456 0.000289
460 0.000261
464 0.000231
468 0.000203
472 0.000181
476 0.000174
480 0.000215
484 0.000347
488 0.000485
492 0.000480
496 0.000370
500 0.000243
504 0.000143
508 0.000091
512 0.000072
516 0.000058
520 0.000043
524 0.000035
528 0.000035
532 0.000053
536 0.000218
540 0.000889
544 0.001625
548 0.001206
552 0.000532
556 0.000186
560 0.000059
564 0.000029
568 0.000022
572 0.000045
576 0.000134
580 0.000269
584 0.000437
588 0.000518
592 0.000426
596 0.000285
600 0.000210
604 0.000278
608 0.000975
612 0.001618
616 0.001216
620 0.000731
624 0.000518
628 0.000382
632 0.000280
636 0.000139
640 0.000071
644 0.000076
648 0.000107
652 0.000108
656 0.000073
660 0.000065
664 0.000072
668 0.000070
672 0.000065
676 0.000057
680 0.000059
684 0.000058
688 0.000056
692 0.000048
696 0.000028
700 0.000027
704 0.000081
708 0.000151
712 0.000116
716 0.000047
720 0.000009
724 0.000004
728 0.000003
732 0.000002
736 0.000005
740 0.000009
744 0.000003
748 0.000005
752 0.000005
756 0.000001
760 0.000009
764 0.000024
768 0.000005
772 0.000004
776 0.000007
780 0.000004
