380 0.000021
384 0.000002
388 0.000008
392 0.000001
396 0.000004
400 0.000015
404 0.000019
408 0.000034
412 0.000049
416 0.000093
420 0.000184
424 0.000340
428 0.000547
432 0.001046
436 0.001692
440 0.001521
444 0.001260
448 0.001269
452 0.001307
456 0.001281
460 0.001191
464 0.001058
468 0.000927
472 0.000816
476 0.000759
480 0.000877
484 0.001309
488 0.001721
492 0.001657
496 0.001251
500 0.000802
504 0.000466
508 0.000299
512 0.000225
516 0.000162
520 0.000124
524 0.000101
528 0.000094
532 0.000149
536 0.000641
540 0.002643
544 0.004835
548 0.003568
552 0.001555
556 0.000549
560 0.000170
564 0.000078
568 0.000062
572 0.000122
576 0.000319
580 0.000538
584 0.000620
588 0.000533
592 0.000338
596 0.000178
600 0.000095
604 0.000070
608 0.000123
612 0.000180
616 0.000115
620 0.000052
624 0.000018
628 0.000017
632 0.000014
636 0.000005
640 0.000002
644 0.000008
648 0.000001
652 0.000001
656 0.000003
660 0.000003
664 0.000002
668 0.000003
672 0.000001
676 0.000002
680 0.000011
684 0.000009
688 0.000004
692 0.000010
696 0.000001
700 0.000005
704 0.000026
708 0.000039
712 0.000019
716 0.000003
720 0.000006
724 0.000007
728 0.000007
732 0.000022
736 0.000008
740 0.000010
744 0.000002
748 0.000002
752 0.000019
756 0.000047
760 0.000028
764 0.000003
768 0.000003
772 0.000013
776 0.000034
780 0.000011
