380 0.000002
384 0.000006
388 0.000012
392 0.000002
396 0.000011
400 0.000022
404 0.000023
408 0.000029
412 0.000045
416 0.000065
420 0.000107
424 0.000181
428 0.000276
432 0.000523
436 0.000844
440 0.000749
444 0.000611
448 0.000616
452 0.000627
456 0.000612
460 0.000564
464 0.000499
468 0.000432
472 0.000379
476 0.000347
480 0.000393
484 0.000570
488 0.000752
492 0.000716
496 0.000532
500 0.000336
504 0.000199
508 0.000125
512 0.000090
516 0.000074
520 0.000055
524 0.000039
528 0.000039
532 0.000063
536 0.000245
540 0.001008
544 0.001842
548 0.001364
552 0.000598
556 0.000213
560 0.000066
564 0.000029
568 0.000027
572 0.000050
576 0.000131
580 0.000239
584 0.000330
588 0.000342
592 0.000263
596 0.000163
600 0.000109
604 0.000133
608 0.000431
612 0.000706
616 0.000527
620 0.000316
624 0.000220
628 0.000161
632 0.000118
636 0.000059
640 0.000033
644 0.000032
648 0.000045
652 0.000045
656 0.000030
660 0.000027
664 0.000031
668 0.000026
672 0.000028
676 0.000026
680 0.000024
684 0.000027
688 0.000023
692 0.000021
696 0.000015
700 0.000008
704 0.000032
708 0.000074
712 0.000053
716 0.000026
720 0.000010
724 0.000001
728 0.000003
732 0.000004
736 0.000001
740 0.000007
744 0.000012
748 0.000001
752 0.000001
756 0.000010
760 0.000004
764 0.000008
768 0.000005
772 0.000010
776 0.000017
780 0.000005
