380 0.000005
384 0.000017
388 0.000002
392 0.000001
396 0.000008
400 0.000030
404 0.000025
408 0.000036
412 0.000044
416 0.000057
420 0.000133
424 0.000217
428 0.000323
432 0.000642
436 0.001039
440 0.000925
444 0.000764
448 0.000771
452 0.000786
456 0.000776
460 0.000715
464 0.000633
468 0.000556
472 0.000496
476 0.000454
480 0.000546
484 0.000834
488 0.001119
492 0.001098
496 0.000839
500 0.000534
504 0.000313
508 0.000210
512 0.000157
516 0.000118
520 0.000096
524 0.000078
528 0.000067
532 0.000107
536 0.000456
540 0.001865
544 0.003405
548 0.002523
552 0.001102
556 0.000387
560 0.000118
564 0.000056
568 0.000047
572 0.000088
576 0.000226
580 0.000383
584 0.000435
588 0.000376
592 0.000244
596 0.000127
600 0.000063
604 0.000050
608 0.000092
612 0.000121
616 0.000080
620 0.000035
624 0.000015
628 0.000017
632 0.000012
636 0.000002
640 0.000005
644 0.000004
648 0.000001
652 0.000006
656 0.000014
660 0.000001
664 0.000004
668 0.000004
672 0.000001
676 0.000004
680 0.000004
684 0.000004
688 0.000010
692 0.000008
696 0.000001
700 0.000008
704 0.000024
708 0.000009
712 0.000023
716 0.000007
720 0.000001
724 0.000015
728 0.000010
732 0.000001
736 0.000011
740 0.000010
744 0.000002
748 0.000027
752 0.000013
756 0.000004
760 0.000010
764 0.000005
768 0.000005
772 0.000041
776 0.000013
780 0.000024
