380 0.000001
384 0.000009
388 0.000010
392 0.000002
396 0.000006
400 0.000021
404 0.000027
408 0.000030
412 0.000039
416 0.000049
420 0.000073
424 0.000111
428 0.000158
432 0.000274
436 0.000425
440 0.000376
444 0.000285
448 0.000281
452 0.000287
456 0.000276
460 0.000251
464 0.000221
468 0.000194
472 0.000176
476 0.000175
480 0.000239
484 0.000411
488 0.000589
492 0.000602
496 0.000474
500 0.000313
504 0.000187
508 0.000125
512 0.000097
516 0.000077
520 0.000061
524 0.000047
528 0.000043
532 0.000073
536 0.000310
540 0.001269
544 0.002328
548 0.001730
552 0.000760
556 0.000268
560 0.000083
564 0.000034
568 0.000032
572 0.000066
576 0.000193
580 0.000416
584 0.000714
588 0.000863
592 0.000714
596 0.000485
600 0.000359
604 0.000487
608 0.001761
612 0.002929
616 0.002206
620 0.001327
624 0.000941
628 0.000696
632 0.000511
636 0.000250
640 0.000137
644 0.000148
648 0.000190
652 0.000196
656 0.000138
660 0.000118
664 0.000138
668 0.000132
672 0.000106
676 0.000105
680 0.000118
684 0.000108
688 0.000100
692 0.000092
696 0.000058
700 0.000051
704 0.000158
708 0.000287
712 0.000218
716 0.000088
720 0.000025
724 0.000007
728 0.000013
732 0.000017
736 0.000003
740 0.000009
744 0.000015
748 0.000008
752 0.000001
756 0.000016
760 0.000023
764 0.000014
768 0.000013
772 0.000018
776 0.000011
780 0.000002
