380 0.000017
384 0.000011
388 0.000007
392 0.000020
396 0.000008
400 0.000027
404 0.000032
408 0.000037
412 0.000042
416 0.000041
420 0.000065
424 0.000104
428 0.000137
432 0.000226
436 0.000347
440 0.000304
444 0.000231
448 0.000219
452 0.000225
456 0.000204
460 0.000182
464 0.000172
468 0.000146
472 0.000136
476 0.000170
480 0.000263
484 0.000486
488 0.000730
492 0.000763
496 0.000608
500 0.000419
504 0.000255
508 0.000167
512 0.000140
516 0.000113
520 0.000084
524 0.000072
528 0.000063
532 0.000101
536 0.000463
540 0.001877
544 0.003439
548 0.002552
552 0.001117
556 0.000392
560 0.000126
564 0.000053
568 0.000038
572 0.000095
576 0.000287
580 0.000615
584 0.001052
588 0.001261
592 0.001040
596 0.000705
600 0.000517
604 0.000718
608 0.002605
612 0.004342
616 0.003265
620 0.001972
624 0.001397
628 0.001046
632 0.000768
636 0.000375
640 0.000196
644 0.000218
648 0.000287
652 0.000295
656 0.000205
660 0.000184
664 0.000215
668 0.000194
672 0.000158
676 0.000171
680 0.000181
684 0.000149
688 0.000143
692 0.000135
696 0.000092
700 0.000078
704 0.000234
708 0.000436
712 0.000323
716 0.000129
720 0.000034
724 0.000023
728 0.000030
732 0.000002
736 0.000030
740 0.000055
744 0.000032
748 0.000015
752 0.000049
756 0.000004
760 0.000022
764 0.000058
768 0.000012
772 0.000015
776 0.000034
780 0.000009
