380 0.000001
384 0.000000
388 0.000002
392 0.000002
396 0.000002
400 0.000010
404 0.000016
408 0.000019
412 0.000019
416 0.000023
420 0.000029
424 0.000045
428 0.000068
432 0.000126
436 0.000200
440 0.000178
444 0.000143
448 0.000145
452 0.000149
456 0.000145
460 0.000132
464 0.000119
468 0.000103
472 0.000091
476 0.000087
480 0.000107
484 0.000168
488 0.000233
492 0.000232
496 0.000177
500 0.000115
504 0.000066
508 0.000044
512 0.000033
516 0.000025
520 0.000019
524 0.000015
528 0.000014
532 0.000024
536 0.000098
540 0.000403
544 0.000738
548 0.000548
552 0.000240
556 0.000085
560 0.000026
564 0.000011
568 0.000010
572 0.000020
576 0.000050
580 0.000084
584 0.000100
588 0.000092
592 0.000066
596 0.000040
600 0.000024
604 0.000018
608 0.000034
612 0.000050
616 0.000034
620 0.000016
624 0.000012
628 0.000007
632 0.000005
636 0.000004
640 0.000001
644 0.000001
648 0.000003
652 0.000001
656 0.000000
660 0.000003
664 0.000000
668 0.000000
672 0.000002
676 0.000000
680 0.000001
684 0.000002
688 0.000000
692 0.000001
696 0.000001
700 0.000000
704 0.000002
708 0.000004
712 0.000003
716 0.000002
720 0.000001
724 0.000002
728 0.000000
732 0.000000
736 0.000000
740 0.000000
744 0.000001
748 0.000002
752 0.000000
756 0.000000
760 0.000001
764 0.000001
768 0.000004
772 0.000006
776 0.000001
780 0.000001
