380 0.000055
384 0.000053
388 0.000046
392 0.000048
396 0.000085
400 0.000104
404 0.000138
408 0.000207
412 0.000299
416 0.000387
420 0.000491
424 0.000594
428 0.000699
432 0.000782
436 0.000873
440 0.000955
444 0.001033
448 0.001118
452 0.001226
456 0.001334
460 0.001413
464 0.001489
468 0.001557
472 0.001683
476 0.001783
480 0.001913
484 0.002014
488 0.002096
492 0.002184
496 0.002297
500 0.002446
504 0.002601
508 0.002723
512 0.002806
516 0.002886
520 0.003000
524 0.003137
528 0.003303
532 0.003467
536 0.003589
540 0.003702
544 0.003783
548 0.003874
552 0.004032
556 0.004199
560 0.004388
564 0.004550
568 0.004669
572 0.004768
576 0.004853
580 0.004960
584 0.005111
588 0.005270
592 0.005442
596 0.005629
600 0.005795
604 0.005918
608 0.006017
612 0.006083
616 0.006194
620 0.006293
624 0.006421
628 0.006564
632 0.006755
636 0.006927
640 0.007103
644 0.007267
648 0.007350
652 0.007392
656 0.007460
660 0.007506
664 0.007591
668 0.007747
672 0.007909
676 0.008106
680 0.008300
684 0.008430
688 0.008570
692 0.008609
696 0.008622
700 0.008634
704 0.008623
708 0.008677
712 0.008782
716 0.008895
720 0.009014
724 0.009239
728 0.009404
732 0.009554
736 0.009746
740 0.009816
744 0.009783
748 0.009736
752 0.009774
756 0.009677
760 0.009678
764 0.009679
768 0.009742
772 0.009801
776 0.009865
780 0.009987
