380 0.000054
384 0.000050
388 0.000045
392 0.000049
396 0.000070
400 0.000103
404 0.000150
408 0.000213
412 0.000298
416 0.000382
420 0.000501
424 0.000601
428 0.000705
432 0.000795
436 0.000883
440 0.000956
444 0.001031
448 0.001110
452 0.001220
456 0.001335
460 0.001419
464 0.001485
468 0.001557
472 0.001682
476 0.001790
480 0.001921
484 0.002020
488 0.002106
492 0.002192
496 0.002299
500 0.002452
504 0.002598
508 0.002722
512 0.002808
516 0.002893
520 0.003008
524 0.003145
528 0.003310
532 0.003481
536 0.003598
540 0.003711
544 0.003793
548 0.003884
552 0.004033
556 0.004206
560 0.004392
564 0.004560
568 0.004679
572 0.004777
576 0.004866
580 0.004972
584 0.005118
588 0.005273
592 0.005452
596 0.005639
600 0.005800
604 0.005929
608 0.006031
612 0.006088
616 0.006204
620 0.006300
624 0.006429
628 0.006578
632 0.006765
636 0.006942
640 0.007118
644 0.007278
648 0.007366
652 0.007408
656 0.007478
660 0.007520
664 0.007621
668 0.007772
672 0.007934
676 0.008115
680 0.008307
684 0.008443
688 0.008577
692 0.008627
696 0.008629
700 0.008653
704 0.008633
708 0.008697
712 0.008791
716 0.008912
720 0.009030
724 0.009258
728 0.009416
732 0.009576
736 0.009733
740 0.009829
744 0.009816
748 0.009753
752 0.009789
756 0.009707
760 0.009722
764 0.009706
768 0.009716
772 0.009845
776 0.009879
780 0.010050
