380 0.000016
384 0.000010
388 0.000001
392 0.000002
396 0.000008
400 0.000006
404 0.000012
408 0.000015
412 0.000020
416 0.000034
420 0.000072
424 0.000117
428 0.000182
432 0.000341
436 0.000523
440 0.000449
444 0.000356
448 0.000351
452 0.000358
456 0.000347
460 0.000314
464 0.000281
468 0.000244
472 0.000219
476 0.000213
480 0.000272
484 0.000443
488 0.000607
492 0.000601
496 0.000461
500 0.000300
504 0.000180
508 0.000118
512 0.000090
516 0.000072
520 0.000056
524 0.000047
528 0.000043
532 0.000071
536 0.000303
540 0.001196
544 0.002086
548 0.001511
552 0.000654
556 0.000230
560 0.000073
564 0.000031
568 0.000027
572 0.000063
576 0.000180
580 0.000376
584 0.000628
588 0.000737
592 0.000599
596 0.000400
600 0.000296
604 0.000439
608 0.001566
612 0.002482
616 0.001836
620 0.001111
624 0.000786
628 0.000586
632 0.000425
636 0.000206
640 0.000113
644 0.000128
648 0.000164
652 0.000161
656 0.000112
660 0.000103
664 0.000116
668 0.000112
672 0.000101
676 0.000098
680 0.000097
684 0.000092
688 0.000092
692 0.000076
696 0.000054
700 0.000054
704 0.000142
708 0.000247
712 0.000182
716 0.000068
720 0.000024
724 0.000018
728 0.000017
732 0.000020
736 0.000016
740 0.000041
744 0.000016
748 0.000033
752 0.000043
756 0.000023
760 0.000064
764 0.000094
768 0.000071
772 0.000059
776 0.000040
780 0.000026
