380 0.000006
384 0.000036
388 0.000010
392 0.000003
396 0.000011
400 0.000002
404 0.000014
408 0.000025
412 0.000025
416 0.000060
420 0.000127
424 0.000213
428 0.000342
432 0.000648
436 0.001012
440 0.000880
444 0.000708
448 0.000711
452 0.000722
456 0.000703
460 0.000650
464 0.000575
468 0.000501
472 0.000449
476 0.000417
480 0.000497
484 0.000758
488 0.001002
492 0.000969
496 0.000734
500 0.000465
504 0.000278
508 0.000180
512 0.000132
516 0.000106
520 0.000077
524 0.000064
528 0.000058
532 0.000097
536 0.000433
540 0.001700
544 0.002965
548 0.002153
552 0.000929
556 0.000324
560 0.000103
564 0.000044
568 0.000038
572 0.000086
576 0.000249
580 0.000519
584 0.000851
588 0.000990
592 0.000804
596 0.000534
600 0.000393
604 0.000579
608 0.002064
612 0.003281
616 0.002428
620 0.001469
624 0.001035
628 0.000784
632 0.000567
636 0.000279
640 0.000154
644 0.000167
648 0.000223
652 0.000217
656 0.000149
660 0.000132
664 0.000157
668 0.000147
672 0.000133
676 0.000124
680 0.000124
684 0.000122
688 0.000118
692 0.000112
696 0.000080
700 0.000077
704 0.000186
708 0.000327
712 0.000248
716 0.000094
720 0.000022
724 0.000008
728 0.000017
732 0.000032
736 0.000027
740 0.000013
744 0.000022
748 0.000057
752 0.000048
756 0.000027
760 0.000073
764 0.000112
768 0.000042
772 0.000087
776 0.000030
780 0.000003
