380 0.000000
384 0.000000
388 0.000000
392 0.000000
396 0.000001
400 0.000001
404 0.000002
408 0.000004
412 0.000004
416 0.000012
420 0.000026
424 0.000049
428 0.000081
432 0.000160
436 0.000252
440 0.000221
444 0.000181
448 0.000183
452 0.000187
456 0.000181
460 0.000166
464 0.000147
468 0.000128
472 0.000111
476 0.000102
480 0.000117
484 0.000176
488 0.000229
492 0.000216
496 0.000160
500 0.000100
504 0.000058
508 0.000038
512 0.000029
516 0.000022
520 0.000016
524 0.000012
528 0.000011
532 0.000019
536 0.000084
540 0.000326
544 0.000568
548 0.000414
552 0.000178
556 0.000061
560 0.000019
564 0.000008
568 0.000007
572 0.000016
576 0.000038
580 0.000061
584 0.000071
588 0.000063
592 0.000039
596 0.000020
600 0.000011
604 0.000009
608 0.000022
612 0.000034
616 0.000023
620 0.000012
624 0.000007
628 0.000005
632 0.000003
636 0.000002
640 0.000001
644 0.000000
648 0.000001
652 0.000001
656 0.000001
660 0.000001
664 0.000001
668 0.000000
672 0.000000
676 0.000001
680 0.000001
684 0.000000
688 0.000000
692 0.000001
696 0.000001
700 0.000000
704 0.000003
708 0.000005
712 0.000004
716 0.000002
720 0.000002
724 0.000000
728 0.000000
732 0.000000
736 0.000000
740 0.000001
744 0.000003
748 0.000004
752 0.000002
756 0.000004
760 0.000020
764 0.000025
768 0.000018
772 0.000021
776 0.000009
780 0.000005
