380 0.000000
384 0.000000
388 0.000000
392 0.000000
396 0.000000
400 0.000001
404 0.000001
408 0.000002
412 0.000006
416 0.000013
420 0.000028
424 0.000048
428 0.000078
432 0.000154
436 0.000243
440 0.000211
444 0.000174
448 0.000176
452 0.000179
456 0.000174
460 0.000159
464 0.000141
468 0.000124
472 0.000108
476 0.000100
480 0.000118
484 0.000178
488 0.000233
492 0.000222
496 0.000165
500 0.000104
504 0.000062
508 0.000040
512 0.000030
516 0.000024
520 0.000017
524 0.000012
528 0.000012
532 0.000021
536 0.000090
540 0.000354
544 0.000617
548 0.000449
552 0.000194
556 0.000067
560 0.000021
564 0.000009
568 0.000007
572 0.000016
576 0.000041
580 0.000067
584 0.000078
588 0.000067
592 0.000043
596 0.000021
600 0.000011
604 0.000010
608 0.000022
612 0.000034
616 0.000023
620 0.000011
624 0.000006
628 0.000005
632 0.000003
636 0.000002
640 0.000002
644 0.000001
648 0.000000
652 0.000001
656 0.000000
660 0.000002
664 0.000000
668 0.000001
672 0.000000
676 0.000001
680 0.000002
684 0.000000
688 0.000002
692 0.000001
696 0.000001
700 0.000002
704 0.000002
708 0.000003
712 0.000003
716 0.000001
720 0.000000
724 0.000000
728 0.000001
732 0.000002
736 0.000000
740 0.000000
744 0.000002
748 0.000006
752 0.000011
756 0.000005
760 0.000017
764 0.000029
768 0.000017
772 0.000016
776 0.000011
780 0.000002
