380 0.000005
384 0.000003
388 0.000002
392 0.000001
396 0.000001
400 0.000007
404 0.000015
408 0.000015
412 0.000019
416 0.000045
420 0.000095
424 0.000162
428 0.000251
432 0.000492
436 0.000771
440 0.000670
444 0.000544
448 0.000551
452 0.000560
456 0.000549
460 0.000502
464 0.000442
468 0.000385
472 0.000337
476 0.000307
480 0.000352
484 0.000508
488 0.000655
492 0.000617
496 0.000454
500 0.000285
504 0.000166
508 0.000107
512 0.000081
516 0.000063
520 0.000046
524 0.000036
528 0.000033
532 0.000054
536 0.000227
540 0.000895
544 0.001563
548 0.001130
552 0.000488
556 0.000171
560 0.000053
564 0.000025
568 0.000019
572 0.000044
576 0.000119
580 0.000227
584 0.000334
588 0.000361
592 0.000280
596 0.000177
600 0.000124
604 0.000174
608 0.000604
612 0.000955
616 0.000706
620 0.000426
624 0.000298
628 0.000222
632 0.000162
636 0.000080
640 0.000044
644 0.000049
648 0.000061
652 0.000062
656 0.000042
660 0.000039
664 0.000045
668 0.000041
672 0.000034
676 0.000034
680 0.000036
684 0.000036
688 0.000036
692 0.000030
696 0.000025
700 0.000021
704 0.000053
708 0.000093
712 0.000071
716 0.000023
720 0.000005
724 0.000005
728 0.000002
732 0.000006
736 0.000005
740 0.000009
744 0.000014
748 0.000015
752 0.000022
756 0.000018
760 0.000033
764 0.000062
768 0.000038
772 0.000033
776 0.000018
780 0.000005
