380 0.000001
384 0.000001
388 0.000001
392 0.000002
396 0.000006
400 0.000008
404 0.000020
408 0.000026
412 0.000040
416 0.000080
420 0.000186
424 0.000329
428 0.000532
432 0.001059
436 0.001689
440 0.001489
444 0.001227
448 0.001248
452 0.001282
456 0.001267
460 0.001172
464 0.001042
468 0.000907
472 0.000795
476 0.000710
480 0.000771
484 0.001065
488 0.001323
492 0.001216
496 0.000870
500 0.000537
504 0.000306
508 0.000189
512 0.000138
516 0.000104
520 0.000076
524 0.000058
528 0.000051
532 0.000083
536 0.000354
540 0.001388
544 0.002413
548 0.001746
552 0.000753
556 0.000263
560 0.000082
564 0.000038
568 0.000032
572 0.000064
576 0.000167
580 0.000283
584 0.000347
588 0.000322
592 0.000217
596 0.000121
600 0.000075
604 0.000084
608 0.000257
612 0.000395
616 0.000288
620 0.000168
624 0.000111
628 0.000082
632 0.000059
636 0.000029
640 0.000015
644 0.000019
648 0.000024
652 0.000020
656 0.000018
660 0.000014
664 0.000019
668 0.000017
672 0.000013
676 0.000013
680 0.000011
684 0.000011
688 0.000014
692 0.000010
696 0.000011
700 0.000011
704 0.000023
708 0.000037
712 0.000029
716 0.000016
720 0.000004
724 0.000001
728 0.000004
732 0.000002
736 0.000002
740 0.000002
744 0.000002
748 0.000014
752 0.000014
756 0.000019
760 0.000040
764 0.000050
768 0.000033
772 0.000023
776 0.000023
780 0.000010
