380 0.000004
384 0.000003
388 0.000001
392 0.000008
396 0.000002
400 0.000006
404 0.000010
408 0.000014
412 0.000025
416 0.000048
420 0.000112
424 0.000192
428 0.000304
432 0.000604
436 0.000955
440 0.000837
444 0.000683
448 0.000693
452 0.000708
456 0.000693
460 0.000638
464 0.000564
468 0.000493
472 0.000430
476 0.000384
480 0.000429
484 0.000612
488 0.000780
492 0.000729
496 0.000529
500 0.000329
504 0.000190
508 0.000122
512 0.000090
516 0.000067
520 0.000052
524 0.000039
528 0.000035
532 0.000057
536 0.000242
540 0.000964
544 0.001685
548 0.001221
552 0.000525
556 0.000183
560 0.000059
564 0.000026
568 0.000022
572 0.000047
576 0.000120
580 0.000208
584 0.000270
588 0.000263
592 0.000189
596 0.000111
600 0.000073
604 0.000089
608 0.000289
612 0.000452
616 0.000331
620 0.000196
624 0.000133
628 0.000101
632 0.000073
636 0.000035
640 0.000024
644 0.000022
648 0.000028
652 0.000030
656 0.000018
660 0.000016
664 0.000016
668 0.000017
672 0.000018
676 0.000013
680 0.000016
684 0.000016
688 0.000013
692 0.000010
696 0.000009
700 0.000012
704 0.000027
708 0.000047
712 0.000033
716 0.000011
720 0.000001
724 0.000001
728 0.000010
732 0.000007
736 0.000004
740 0.000006
744 0.000004
748 0.000015
752 0.000012
756 0.000004
760 0.000030
764 0.000032
768 0.000022
772 0.000024
776 0.000021
780 0.000011
