380 0.000002
384 0.000024
388 0.000003
392 0.000001
396 0.000002
400 0.000009
404 0.000014
408 0.000027
412 0.000045
416 0.000069
420 0.000167
424 0.000316
428 0.000512
432 0.001009
436 0.001608
440 0.001417
444 0.001175
448 0.001198
452 0.001233
456 0.001219
460 0.001124
464 0.000995
468 0.000873
472 0.000771
476 0.000707
480 0.000809
484 0.001170
488 0.001499
492 0.001414
496 0.001050
500 0.000661
504 0.000383
508 0.000247
512 0.000181
516 0.000145
520 0.000109
524 0.000086
528 0.000073
532 0.000128
536 0.000546
540 0.002154
544 0.003738
548 0.002699
552 0.001160
556 0.000401
560 0.000132
564 0.000065
568 0.000044
572 0.000100
576 0.000261
580 0.000418
584 0.000466
588 0.000400
592 0.000246
596 0.000118
600 0.000066
604 0.000053
608 0.000097
612 0.000135
616 0.000084
620 0.000040
624 0.000020
628 0.000007
632 0.000005
636 0.000003
640 0.000004
644 0.000006
648 0.000004
652 0.000004
656 0.000002
660 0.000002
664 0.000002
668 0.000001
672 0.000009
676 0.000004
680 0.000001
684 0.000004
688 0.000002
692 0.000003
696 0.000016
700 0.000003
704 0.000006
708 0.000019
712 0.000011
716 0.000002
720 0.000003
724 0.000014
728 0.000013
732 0.000006
736 0.000002
740 0.000025
744 0.000014
748 0.000005
752 0.000024
756 0.000004
760 0.000027
764 0.000067
768 0.000015
772 0.000017
776 0.000045
780 0.000019
