380 0.000000
384 0.000001
388 0.000000
392 0.000000
396 0.000002
400 0.000004
404 0.000010
408 0.000013
412 0.000015
416 0.000029
420 0.000060
424 0.000108
428 0.000169
432 0.000328
436 0.000517
440 0.000449
444 0.000364
448 0.000367
452 0.000373
456 0.000362
460 0.000333
464 0.000294
468 0.000254
472 0.000223
476 0.000203
480 0.000225
484 0.000322
488 0.000412
492 0.000385
496 0.000277
500 0.000174
504 0.000100
508 0.000064
512 0.000047
516 0.000035
520 0.000026
524 0.000020
528 0.000020
532 0.000031
536 0.000132
540 0.000518
544 0.000901
548 0.000651
552 0.000281
556 0.000098
560 0.000031
564 0.000014
568 0.000011
572 0.000024
576 0.000070
580 0.000133
584 0.000201
588 0.000222
592 0.000175
596 0.000111
600 0.000079
604 0.000112
608 0.000389
612 0.000614
616 0.000456
620 0.000277
624 0.000192
628 0.000143
632 0.000104
636 0.000052
640 0.000027
644 0.000029
648 0.000038
652 0.000039
656 0.000027
660 0.000026
664 0.000029
668 0.000027
672 0.000022
676 0.000023
680 0.000024
684 0.000021
688 0.000021
692 0.000018
696 0.000010
700 0.000015
704 0.000035
708 0.000060
712 0.000047
716 0.000016
720 0.000002
724 0.000005
728 0.000002
732 0.000003
736 0.000005
740 0.000005
744 0.000005
748 0.000010
752 0.000015
756 0.000007
760 0.000035
764 0.000052
768 0.000025
772 0.000036
776 0.000013
780 0.000010
