380 0.000004
384 0.000005
388 0.000002
392 0.000002
396 0.000005
400 0.000004
404 0.000008
408 0.000010
412 0.000011
416 0.000025
420 0.000057
424 0.000100
428 0.000160
432 0.000315
436 0.000493
440 0.000428
444 0.000350
448 0.000351
452 0.000358
456 0.000351
460 0.000321
464 0.000283
468 0.000248
472 0.000217
476 0.000196
480 0.000223
484 0.000326
488 0.000421
492 0.000397
496 0.000290
500 0.000181
504 0.000106
508 0.000067
512 0.000050
516 0.000039
520 0.000027
524 0.000023
528 0.000022
532 0.000035
536 0.000147
540 0.000572
544 0.000997
548 0.000723
552 0.000313
556 0.000109
560 0.000035
564 0.000015
568 0.000012
572 0.000028
576 0.000072
580 0.000127
584 0.000173
588 0.000177
592 0.000130
596 0.000079
600 0.000053
604 0.000067
608 0.000228
612 0.000358
616 0.000264
620 0.000160
624 0.000108
628 0.000081
632 0.000060
636 0.000029
640 0.000014
644 0.000019
648 0.000023
652 0.000024
656 0.000016
660 0.000013
664 0.000017
668 0.000016
672 0.000014
676 0.000012
680 0.000013
684 0.000012
688 0.000013
692 0.000013
696 0.000010
700 0.000008
704 0.000021
708 0.000037
712 0.000026
716 0.000010
720 0.000004
724 0.000001
728 0.000002
732 0.000001
736 0.000004
740 0.000005
744 0.000001
748 0.000010
752 0.000011
756 0.000006
760 0.000026
764 0.000037
768 0.000026
772 0.000026
776 0.000014
780 0.000004
