380 0.000002
384 0.000004
388 0.000002
392 0.000001
396 0.000005
400 0.000007
404 0.000009
408 0.000012
412 0.000018
416 0.000032
420 0.000066
424 0.000110
428 0.000165
432 0.000315
436 0.000491
440 0.000425
444 0.000341
448 0.000343
452 0.000345
456 0.000336
460 0.000306
464 0.000272
468 0.000237
472 0.000211
476 0.000197
480 0.000236
484 0.000366
488 0.000486
492 0.000470
496 0.000353
500 0.000224
504 0.000132
508 0.000089
512 0.000067
516 0.000050
520 0.000039
524 0.000031
528 0.000028
532 0.000048
536 0.000209
540 0.000819
544 0.001427
548 0.001033
552 0.000448
556 0.000155
560 0.000049
564 0.000023
568 0.000019
572 0.000041
576 0.000118
580 0.000234
584 0.000373
588 0.000425
592 0.000339
596 0.000220
600 0.000159
604 0.000235
608 0.000824
612 0.001300
616 0.000963
620 0.000584
624 0.000410
628 0.000304
632 0.000220
636 0.000108
640 0.000060
644 0.000066
648 0.000086
652 0.000083
656 0.000056
660 0.000054
664 0.000058
668 0.000055
672 0.000051
676 0.000051
680 0.000049
684 0.000045
688 0.000047
692 0.000041
696 0.000031
700 0.000030
704 0.000074
708 0.000129
712 0.000096
716 0.000034
720 0.000013
724 0.000013
728 0.000009
732 0.000008
736 0.000014
740 0.000010
744 0.000009
748 0.000027
752 0.000029
756 0.000021
760 0.000052
764 0.000074
768 0.000043
772 0.000045
776 0.000018
780 0.000008
