380 0.000002
384 0.000011
388 0.000002
392 0.000001
396 0.000004
400 0.000011
404 0.000008
408 0.000005
412 0.000017
416 0.000055
420 0.000117
424 0.000222
428 0.000353
432 0.000699
436 0.001113
440 0.000979
444 0.000806
448 0.000817
452 0.000837
456 0.000821
460 0.000752
464 0.000667
468 0.000587
472 0.000508
476 0.000471
480 0.000562
484 0.000827
488 0.001081
492 0.001034
496 0.000766
500 0.000485
504 0.000286
508 0.000185
512 0.000143
516 0.000111
520 0.000083
524 0.000066
528 0.000057
532 0.000100
536 0.000429
540 0.001682
544 0.002923
548 0.002112
552 0.000913
556 0.000318
560 0.000098
564 0.000047
568 0.000041
572 0.000078
576 0.000206
580 0.000325
584 0.000363
588 0.000311
592 0.000189
596 0.000088
600 0.000047
604 0.000036
608 0.000073
612 0.000108
616 0.000062
620 0.000025
624 0.000015
628 0.000009
632 0.000005
636 0.000006
640 0.000002
644 0.000000
648 0.000002
652 0.000002
656 0.000004
660 0.000001
664 0.000001
668 0.000001
672 0.000001
676 0.000001
680 0.000002
684 0.000005
688 0.000002
692 0.000002
696 0.000004
700 0.000001
704 0.000005
708 0.000004
712 0.000019
716 0.000011
720 0.000004
724 0.000002
728 0.000004
732 0.000013
736 0.000021
740 0.000012
744 0.000021
748 0.000030
752 0.000011
756 0.000004
760 0.000034
764 0.000053
768 0.000011
772 0.000031
776 0.000024
780 0.000003
