380 0.000003
384 0.000001
388 0.000000
392 0.000001
396 0.000001
400 0.000001
404 0.000004
408 0.000003
412 0.000005
416 0.000012
420 0.000027
424 0.000047
428 0.000076
432 0.000152
436 0.000239
440 0.000208
444 0.000172
448 0.000174
452 0.000175
456 0.000171
460 0.000158
464 0.000139
468 0.000120
472 0.000107
476 0.000099
480 0.000118
484 0.000179
488 0.000237
492 0.000227
496 0.000168
500 0.000106
504 0.000063
508 0.000041
512 0.000030
516 0.000023
520 0.000017
524 0.000015
528 0.000013
532 0.000022
536 0.000095
540 0.000371
544 0.000648
548 0.000469
552 0.000203
556 0.000070
560 0.000021
564 0.000010
568 0.000008
572 0.000018
576 0.000043
580 0.000069
584 0.000079
588 0.000068
592 0.000042
596 0.000021
600 0.000011
604 0.000008
608 0.000017
612 0.000025
616 0.000017
620 0.000008
624 0.000004
628 0.000003
632 0.000001
636 0.000001
640 0.000002
644 0.000000
648 0.000001
652 0.000001
656 0.000001
660 0.000000
664 0.000000
668 0.000000
672 0.000000
676 0.000000
680 0.000001
684 0.000001
688 0.000001
692 0.000001
696 0.000002
700 0.000000
704 0.000003
708 0.000003
712 0.000001
716 0.000000
720 0.000000
724 0.000001
728 0.000001
732 0.000001
736 0.000002
740 0.000000
744 0.000000
748 0.000001
752 0.000006
756 0.000002
760 0.000017
764 0.000033
768 0.000017
772 0.000027
776 0.000017
780 0.000003
