380 0.000022
384 0.000006
388 0.000002
392 0.000004
396 0.000011
400 0.000001
404 0.000007
408 0.000028
412 0.000048
416 0.000093
420 0.000210
424 0.000369
428 0.000593
432 0.001178
436 0.001884
440 0.001674
444 0.001399
448 0.001443
452 0.001498
456 0.001508
460 0.001406
464 0.001269
468 0.001119
472 0.000999
476 0.000930
480 0.001068
484 0.001568
488 0.002028
492 0.001917
496 0.001418
500 0.000918
504 0.000548
508 0.000351
512 0.000260
516 0.000204
520 0.000152
524 0.000122
528 0.000106
532 0.000191
536 0.000857
540 0.003415
544 0.005958
548 0.004309
552 0.001856
556 0.000658
560 0.000216
564 0.000099
568 0.000084
572 0.000182
576 0.000489
580 0.000911
584 0.001304
588 0.001378
592 0.001035
596 0.000650
600 0.000461
604 0.000630
608 0.002194
612 0.003468
616 0.002531
620 0.001517
624 0.001083
628 0.000822
632 0.000599
636 0.000293
640 0.000160
644 0.000177
648 0.000231
652 0.000244
656 0.000171
660 0.000148
664 0.000168
668 0.000164
672 0.000147
676 0.000143
680 0.000142
684 0.000131
688 0.000133
692 0.000117
696 0.000084
700 0.000087
704 0.000228
708 0.000380
712 0.000263
716 0.000110
720 0.000034
724 0.000033
728 0.000019
732 0.000018
736 0.000016
740 0.000026
744 0.000019
748 0.000063
752 0.000067
756 0.000062
760 0.000138
764 0.000193
768 0.000093
772 0.000068
776 0.000031
780 0.000015
