380 0.000013
384 0.000012
388 0.000003
392 0.000001
396 0.000003
400 0.000003
404 0.000007
408 0.000012
412 0.000018
416 0.000032
420 0.000064
424 0.000112
428 0.000166
432 0.000309
436 0.000469
440 0.000400
444 0.000316
448 0.000312
452 0.000316
456 0.000307
460 0.000281
464 0.000249
468 0.000221
472 0.000198
476 0.000203
480 0.000294
484 0.000517
488 0.000735
492 0.000746
496 0.000589
500 0.000390
504 0.000233
508 0.000158
512 0.000123
516 0.000103
520 0.000077
524 0.000063
528 0.000056
532 0.000096
536 0.000436
540 0.001730
544 0.003020
548 0.002188
552 0.000945
556 0.000331
560 0.000107
564 0.000049
568 0.000043
572 0.000091
576 0.000263
580 0.000546
584 0.000904
588 0.001060
592 0.000862
596 0.000578
600 0.000426
604 0.000638
608 0.002272
612 0.003604
616 0.002668
620 0.001611
624 0.001144
628 0.000862
632 0.000624
636 0.000302
640 0.000164
644 0.000189
648 0.000245
652 0.000246
656 0.000168
660 0.000150
664 0.000171
668 0.000162
672 0.000140
676 0.000143
680 0.000144
684 0.000138
688 0.000135
692 0.000114
696 0.000083
700 0.000076
704 0.000211
708 0.000371
712 0.000273
716 0.000104
720 0.000026
724 0.000025
728 0.000020
732 0.000020
736 0.000025
740 0.000025
744 0.000032
748 0.000047
752 0.000052
756 0.000024
760 0.000095
764 0.000136
768 0.000085
772 0.000080
776 0.000052
780 0.000024
