380 0.000017
384 0.000031
388 0.000020
392 0.000046
396 0.000061
400 0.000086
404 0.000113
408 0.000159
412 0.000212
416 0.000264
420 0.000337
424 0.000404
428 0.000465
432 0.000522
436 0.000587
440 0.000638
444 0.000701
448 0.000748
452 0.000820
456 0.000898
460 0.000955
464 0.000998
468 0.001041
472 0.001122
476 0.001190
480 0.001276
484 0.001343
488 0.001399
492 0.001456
496 0.001537
500 0.001638
504 0.001745
508 0.001835
512 0.001900
516 0.001958
520 0.002043
524 0.002144
528 0.002257
532 0.002378
536 0.002468
540 0.002543
544 0.002606
548 0.002673
552 0.002772
556 0.002889
560 0.003015
564 0.003136
568 0.003215
572 0.003280
576 0.003336
580 0.003404
584 0.003498
588 0.003597
592 0.003709
596 0.003831
600 0.003934
604 0.004013
608 0.004080
612 0.004117
616 0.004190
620 0.004250
624 0.004338
628 0.004433
632 0.004553
636 0.004667
640 0.004775
644 0.004874
648 0.004929
652 0.004946
656 0.004983
660 0.005001
664 0.005057
668 0.005148
672 0.005252
676 0.005366
680 0.005485
684 0.005578
688 0.005673
692 0.005712
696 0.005718
700 0.005730
704 0.005720
708 0.005756
712 0.005824
716 0.005895
720 0.005971
724 0.006124
728 0.006230
732 0.006329
736 0.006432
740 0.006480
744 0.006468
748 0.006432
752 0.006451
756 0.006386
760 0.006376
764 0.006353
768 0.006400
772 0.006428
776 0.006471
780 0.006581
