380 0.000050
384 0.000038
388 0.000029
392 0.000057
396 0.000059
400 0.000088
404 0.000125
408 0.000180
412 0.000264
416 0.000346
420 0.000444
424 0.000529
428 0.000621
432 0.000705
436 0.000789
440 0.000857
444 0.000930
448 0.000993
452 0.001089
456 0.001192
460 0.001271
464 0.001330
468 0.001394
472 0.001502
476 0.001595
480 0.001716
484 0.001810
488 0.001880
492 0.001963
496 0.002061
500 0.002203
504 0.002334
508 0.002445
512 0.002524
516 0.002598
520 0.002700
524 0.002824
528 0.002972
532 0.003121
536 0.003231
540 0.003328
544 0.003404
548 0.003486
552 0.003623
556 0.003777
560 0.003942
564 0.004091
568 0.004200
572 0.004292
576 0.004368
580 0.004468
584 0.004598
588 0.004735
592 0.004892
596 0.005062
600 0.005212
604 0.005326
608 0.005421
612 0.005479
616 0.005591
620 0.005683
624 0.005801
628 0.005938
632 0.006115
636 0.006278
640 0.006443
644 0.006591
648 0.006672
652 0.006710
656 0.006776
660 0.006822
664 0.006912
668 0.007054
672 0.007219
676 0.007390
680 0.007576
684 0.007700
688 0.007836
692 0.007888
696 0.007896
700 0.007920
704 0.007916
708 0.007971
712 0.008074
716 0.008196
720 0.008303
724 0.008523
728 0.008688
732 0.008815
736 0.008975
740 0.009078
744 0.009060
748 0.009031
752 0.009052
756 0.008973
760 0.008996
764 0.009006
768 0.008981
772 0.009075
776 0.009115
780 0.009250
