380 0.000042
384 0.000024
388 0.000039
392 0.000051
396 0.000070
400 0.000089
404 0.000132
408 0.000203
412 0.000291
416 0.000382
420 0.000482
424 0.000581
428 0.000685
432 0.000767
436 0.000856
440 0.000930
444 0.001004
448 0.001074
452 0.001177
456 0.001277
460 0.001359
464 0.001431
468 0.001499
472 0.001602
476 0.001713
480 0.001840
484 0.001937
488 0.002009
492 0.002095
496 0.002201
500 0.002346
504 0.002489
508 0.002610
512 0.002691
516 0.002770
520 0.002882
524 0.003011
528 0.003170
532 0.003332
536 0.003451
540 0.003560
544 0.003638
548 0.003725
552 0.003873
556 0.004037
560 0.004214
564 0.004373
568 0.004488
572 0.004582
576 0.004660
580 0.004765
584 0.004901
588 0.005048
592 0.005208
596 0.005385
600 0.005534
604 0.005649
608 0.005752
612 0.005816
616 0.005913
620 0.006006
624 0.006129
628 0.006265
632 0.006439
636 0.006605
640 0.006768
644 0.006913
648 0.006984
652 0.007022
656 0.007079
660 0.007113
664 0.007198
668 0.007342
672 0.007494
676 0.007665
680 0.007847
684 0.007967
688 0.008099
692 0.008143
696 0.008145
700 0.008167
704 0.008143
708 0.008206
712 0.008281
716 0.008406
720 0.008514
724 0.008723
728 0.008870
732 0.009003
736 0.009146
740 0.009229
744 0.009231
748 0.009169
752 0.009187
756 0.009112
760 0.009101
764 0.009128
768 0.009095
772 0.009188
776 0.009255
780 0.009388
