380 0.000026
384 0.000033
388 0.000036
392 0.000041
396 0.000053
400 0.000084
404 0.000105
408 0.000152
412 0.000218
416 0.000276
420 0.000346
424 0.000414
428 0.000479
432 0.000535
436 0.000598
440 0.000656
444 0.000710
448 0.000763
452 0.000841
456 0.000917
460 0.000969
464 0.001018
468 0.001069
472 0.001145
476 0.001211
480 0.001300
484 0.001374
488 0.001425
492 0.001490
496 0.001565
500 0.001671
504 0.001777
508 0.001866
512 0.001934
516 0.001996
520 0.002082
524 0.002183
528 0.002301
532 0.002423
536 0.002511
540 0.002592
544 0.002654
548 0.002719
552 0.002826
556 0.002947
560 0.003070
564 0.003186
568 0.003270
572 0.003336
576 0.003393
580 0.003463
584 0.003555
588 0.003657
592 0.003772
596 0.003895
600 0.003998
604 0.004078
608 0.004143
612 0.004185
616 0.004256
620 0.004319
624 0.004407
628 0.004502
632 0.004628
636 0.004741
640 0.004852
644 0.004948
648 0.005002
652 0.005025
656 0.005056
660 0.005079
664 0.005134
668 0.005227
672 0.005326
676 0.005448
680 0.005571
684 0.005664
688 0.005760
692 0.005794
696 0.005787
700 0.005805
704 0.005800
708 0.005835
712 0.005908
716 0.005981
720 0.006058
724 0.006203
728 0.006310
732 0.006411
736 0.006515
740 0.006575
744 0.006563
748 0.006520
752 0.006542
756 0.006454
760 0.006469
764 0.006456
768 0.006471
772 0.006514
776 0.006580
780 0.006682
