380 0.000046
384 0.000046
388 0.000035
392 0.000042
396 0.000057
400 0.000076
404 0.000114
408 0.000165
412 0.000220
416 0.000273
420 0.000334
424 0.000398
428 0.000467
432 0.000526
436 0.000595
440 0.000655
444 0.000718
448 0.000780
452 0.000854
456 0.000936
460 0.000994
464 0.001043
468 0.001090
472 0.001172
476 0.001233
480 0.001324
484 0.001391
488 0.001440
492 0.001500
496 0.001575
500 0.001676
504 0.001783
508 0.001867
512 0.001923
516 0.001982
520 0.002055
524 0.002146
528 0.002258
532 0.002375
536 0.002467
540 0.002548
544 0.002606
548 0.002665
552 0.002764
556 0.002872
560 0.002985
564 0.003079
568 0.003157
572 0.003224
576 0.003287
580 0.003370
584 0.003490
588 0.003621
592 0.003763
596 0.003917
600 0.004040
604 0.004127
608 0.004188
612 0.004209
616 0.004259
620 0.004307
624 0.004383
628 0.004485
632 0.004635
636 0.004785
640 0.004958
644 0.005132
648 0.005271
652 0.005378
656 0.005500
660 0.005617
664 0.005757
668 0.005924
672 0.006095
676 0.006277
680 0.006457
684 0.006582
688 0.006706
692 0.006768
696 0.006787
700 0.006807
704 0.006804
708 0.006836
712 0.006907
716 0.006980
720 0.007040
724 0.007193
728 0.007298
732 0.007407
736 0.007517
740 0.007593
744 0.007577
748 0.007517
752 0.007526
756 0.007404
760 0.007393
764 0.007338
768 0.007327
772 0.007373
776 0.007460
780 0.007659
