380 0.000046
384 0.000040
388 0.000041
392 0.000067
396 0.000066
400 0.000089
404 0.000133
408 0.000190
412 0.000261
416 0.000344
420 0.000445
424 0.000535
428 0.000617
432 0.000693
436 0.000776
440 0.000847
444 0.000917
448 0.000990
452 0.001086
456 0.001184
460 0.001257
464 0.001317
468 0.001384
472 0.001492
476 0.001583
480 0.001704
484 0.001799
488 0.001872
492 0.001949
496 0.002054
500 0.002189
504 0.002322
508 0.002430
512 0.002509
516 0.002582
520 0.002688
524 0.002804
528 0.002955
532 0.003105
536 0.003216
540 0.003315
544 0.003388
548 0.003467
552 0.003605
556 0.003759
560 0.003925
564 0.004071
568 0.004183
572 0.004271
576 0.004354
580 0.004447
584 0.004573
588 0.004716
592 0.004872
596 0.005038
600 0.005184
604 0.005298
608 0.005394
612 0.005457
616 0.005561
620 0.005649
624 0.005777
628 0.005918
632 0.006097
636 0.006259
640 0.006410
644 0.006561
648 0.006643
652 0.006682
656 0.006751
660 0.006785
664 0.006884
668 0.007031
672 0.007179
676 0.007356
680 0.007539
684 0.007666
688 0.007794
692 0.007840
696 0.007849
700 0.007882
704 0.007880
708 0.007942
712 0.008027
716 0.008151
720 0.008268
724 0.008475
728 0.008637
732 0.008776
736 0.008926
740 0.009010
744 0.009000
748 0.008970
752 0.009005
756 0.008901
760 0.008910
764 0.008904
768 0.008962
772 0.009002
776 0.009059
780 0.009214
