380 0.000371
384 0.001091
388 0.002242
392 0.006923
396 0.012550
400 0.018320
404 0.018930
408 0.016240
412 0.011600
416 0.007284
420 0.004162
424 0.002405
428 0.001415
432 0.000847
436 0.000504
440 0.000308
444 0.000186
448 0.000119
452 0.000081
456 0.000075
460 0.000048
464 0.000035
468 0.000026
472 0.000017
476 0.000019
480 0.000018
484 0.000013
488 0.000006
492 0.000002
496 0.000005
500 0.000005
504 0.000004
508 0.000005
512 0.000010
516 0.000006
520 0.000010
524 0.000002
528 0.000003
532 0.000002
536 0.000004
540 0.000012
544 0.000013
548 0.000013
552 0.000019
556 0.000033
560 0.000065
564 0.000129
568 0.000232
572 0.000400
576 0.000656
580 0.001058
584 0.001779
588 0.002767
592 0.003579
596 0.003508
600 0.002469
604 0.001273
608 0.000626
612 0.000324
616 0.000173
620 0.000101
624 0.000064
628 0.000044
632 0.000027
636 0.000016
640 0.000032
644 0.000019
648 0.000020
652 0.000013
656 0.000003
660 0.000003
664 0.000012
668 0.000012
672 0.000012
676 0.000003
680 0.000005
684 0.000010
688 0.000010
692 0.000003
696 0.000007
700 0.000005
704 0.000007
708 0.000003
712 0.000002
716 0.000004
720 0.000004
724 0.000006
728 0.000024
732 0.000030
736 0.000008
740 0.000006
744 0.000037
748 0.000062
752 0.000041
756 0.000005
760 0.000005
764 0.000024
768 0.000065
772 0.000017
776 0.000160
780 0.000338
