380 0.000258
384 0.000926
388 0.002016
392 0.006526
396 0.011960
400 0.017210
404 0.017310
408 0.014180
412 0.009538
416 0.005619
420 0.003053
424 0.001703
428 0.000999
432 0.000604
436 0.000375
440 0.000224
444 0.000142
448 0.000096
452 0.000073
456 0.000058
460 0.000041
464 0.000032
468 0.000022
472 0.000025
476 0.000012
480 0.000009
484 0.000017
488 0.000008
492 0.000004
496 0.000015
500 0.000006
504 0.000010
508 0.000009
512 0.000009
516 0.000007
520 0.000018
524 0.000013
528 0.000018
532 0.000013
536 0.000016
540 0.000004
544 0.000009
548 0.000007
552 0.000008
556 0.000026
560 0.000061
564 0.000131
568 0.000206
572 0.000356
576 0.000580
580 0.000951
584 0.001585
588 0.002481
592 0.003210
596 0.003158
600 0.002233
604 0.001159
608 0.000563
612 0.000289
616 0.000153
620 0.000089
624 0.000057
628 0.000037
632 0.000021
636 0.000020
640 0.000024
644 0.000010
648 0.000013
652 0.000006
656 0.000022
660 0.000008
664 0.000002
668 0.000012
672 0.000020
676 0.000008
680 0.000014
684 0.000007
688 0.000002
692 0.000002
696 0.000002
700 0.000011
704 0.000016
708 0.000026
712 0.000002
716 0.000008
720 0.000010
724 0.000008
728 0.000021
732 0.000037
736 0.000050
740 0.000033
744 0.000026
748 0.000022
752 0.000013
756 0.000015
760 0.000014
764 0.000014
768 0.000053
772 0.000101
776 0.000210
780 0.000321
