380 0.000291
384 0.000976
388 0.002071
392 0.006552
396 0.011940
400 0.017210
404 0.017320
408 0.014180
412 0.009536
416 0.005629
420 0.003059
424 0.001718
428 0.000988
432 0.000598
436 0.000376
440 0.000237
444 0.000150
448 0.000101
452 0.000067
456 0.000050
460 0.000038
464 0.000031
468 0.000022
472 0.000023
476 0.000026
480 0.000021
484 0.000008
488 0.000006
492 0.000009
496 0.000014
500 0.000004
504 0.000002
508 0.000003
512 0.000010
516 0.000013
520 0.000010
524 0.000010
528 0.000009
532 0.000012
536 0.000012
540 0.000016
544 0.000021
548 0.000021
552 0.000014
556 0.000026
560 0.000052
564 0.000116
568 0.000204
572 0.000355
576 0.000581
580 0.000939
584 0.001579
588 0.002461
592 0.003198
596 0.003154
600 0.002237
604 0.001157
608 0.000565
612 0.000292
616 0.000155
620 0.000092
624 0.000053
628 0.000040
632 0.000029
636 0.000036
640 0.000023
644 0.000019
648 0.000020
652 0.000005
656 0.000013
660 0.000002
664 0.000008
668 0.000006
672 0.000004
676 0.000021
680 0.000004
684 0.000009
688 0.000010
692 0.000015
696 0.000006
700 0.000005
704 0.000014
708 0.000004
712 0.000002
716 0.000002
720 0.000002
724 0.000026
728 0.000002
732 0.000003
736 0.000003
740 0.000003
744 0.000003
748 0.000025
752 0.000013
756 0.000004
760 0.000008
764 0.000034
768 0.000038
772 0.000070
776 0.000130
780 0.000242
