380 0.000285
384 0.000964
388 0.001951
392 0.006427
396 0.012010
400 0.017730
404 0.018400
408 0.015750
412 0.011170
416 0.006923
420 0.003925
424 0.002245
428 0.001329
432 0.000784
436 0.000485
440 0.000300
444 0.000194
448 0.000121
452 0.000090
456 0.000076
460 0.000053
464 0.000044
468 0.000039
472 0.000034
476 0.000008
480 0.000008
484 0.000019
488 0.000019
492 0.000013
496 0.000009
500 0.000003
504 0.000009
508 0.000011
512 0.000013
516 0.000007
520 0.000004
524 0.000009
528 0.000009
532 0.000010
536 0.000009
540 0.000014
544 0.000010
548 0.000011
552 0.000012
556 0.000031
560 0.000055
564 0.000104
568 0.000212
572 0.000367
576 0.000595
580 0.000959
584 0.001606
588 0.002495
592 0.003256
596 0.003242
600 0.002318
604 0.001194
608 0.000583
612 0.000305
616 0.000169
620 0.000096
624 0.000057
628 0.000034
632 0.000030
636 0.000037
640 0.000035
644 0.000021
648 0.000017
652 0.000013
656 0.000009
660 0.000002
664 0.000001
668 0.000007
672 0.000012
676 0.000011
680 0.000006
684 0.000015
688 0.000015
692 0.000004
696 0.000006
700 0.000002
704 0.000003
708 0.000008
712 0.000012
716 0.000008
720 0.000006
724 0.000011
728 0.000012
732 0.000038
736 0.000017
740 0.000019
744 0.000016
748 0.000006
752 0.000022
756 0.000057
760 0.000044
764 0.000015
768 0.000014
772 0.000035
776 0.000167
780 0.000327
