380 0.000245
384 0.000881
388 0.001848
392 0.005854
396 0.010570
400 0.015100
404 0.015030
408 0.012170
412 0.008124
416 0.004806
420 0.002630
424 0.001485
428 0.000869
432 0.000535
436 0.000342
440 0.000212
444 0.000140
448 0.000090
452 0.000053
456 0.000043
460 0.000029
464 0.000027
468 0.000020
472 0.000012
476 0.000005
480 0.000003
484 0.000007
488 0.000016
492 0.000005
496 0.000007
500 0.000002
504 0.000008
508 0.000009
512 0.000009
516 0.000009
520 0.000008
524 0.000007
528 0.000003
532 0.000004
536 0.000001
540 0.000009
544 0.000006
548 0.000006
552 0.000007
556 0.000016
560 0.000039
564 0.000089
568 0.000155
572 0.000249
576 0.000412
580 0.000674
584 0.001134
588 0.001783
592 0.002334
596 0.002325
600 0.001668
604 0.000865
608 0.000426
612 0.000215
616 0.000120
620 0.000057
624 0.000032
628 0.000030
632 0.000021
636 0.000017
640 0.000019
644 0.000014
648 0.000015
652 0.000013
656 0.000014
660 0.000017
664 0.000005
668 0.000001
672 0.000008
676 0.000002
680 0.000007
684 0.000018
688 0.000014
692 0.000004
696 0.000004
700 0.000013
704 0.000007
708 0.000002
712 0.000002
716 0.000004
720 0.000006
724 0.000005
728 0.000007
732 0.000003
736 0.000016
740 0.000016
744 0.000014
748 0.000011
752 0.000013
756 0.000007
760 0.000036
764 0.000049
768 0.000065
772 0.000058
776 0.000139
780 0.000343
