380 0.000002
384 0.000017
388 0.000013
392 0.000004
396 0.000014
400 0.000021
404 0.000041
408 0.000027
412 0.000037
416 0.000045
420 0.000085
424 0.000109
428 0.000144
432 0.000264
436 0.000396
440 0.000344
444 0.000258
448 0.000261
452 0.000254
456 0.000256
460 0.000222
464 0.000203
468 0.000167
472 0.000159
476 0.000173
480 0.000256
484 0.000471
488 0.000688
492 0.000717
496 0.000564
500 0.000388
504 0.000229
508 0.000155
512 0.000120
516 0.000102
520 0.000078
524 0.000055
528 0.000056
532 0.000096
536 0.000431
540 0.001714
544 0.003027
548 0.002200
552 0.000957
556 0.000330
560 0.000099
564 0.000043
568 0.000035
572 0.000092
576 0.000277
580 0.000616
584 0.001075
588 0.001324
592 0.001099
596 0.000755
600 0.000564
604 0.000834
608 0.003029
612 0.004887
616 0.003642
620 0.002206
624 0.001572
628 0.001183
632 0.000864
636 0.000418
640 0.000234
644 0.000252
648 0.000332
652 0.000337
656 0.000238
660 0.000204
664 0.000238
668 0.000227
672 0.000200
676 0.000197
680 0.000201
684 0.000195
688 0.000179
692 0.000158
696 0.000083
700 0.000101
704 0.000277
708 0.000497
712 0.000371
716 0.000149
720 0.000043
724 0.000038
728 0.000014
732 0.000026
736 0.000040
740 0.000033
744 0.000037
748 0.000023
752 0.000038
756 0.000023
760 0.000045
764 0.000018
768 0.000062
772 0.000005
776 0.000054
780 0.000032
