380 0.000003
384 0.000009
388 0.000003
392 0.000008
396 0.000009
400 0.000011
404 0.000027
408 0.000030
412 0.000029
416 0.000045
420 0.000077
424 0.000116
428 0.000170
432 0.000312
436 0.000472
440 0.000406
444 0.000327
448 0.000324
452 0.000327
456 0.000317
460 0.000290
464 0.000257
468 0.000222
472 0.000200
476 0.000187
480 0.000230
484 0.000359
488 0.000484
492 0.000474
496 0.000363
500 0.000232
504 0.000135
508 0.000089
512 0.000069
516 0.000053
520 0.000040
524 0.000034
528 0.000031
532 0.000051
536 0.000217
540 0.000857
544 0.001506
548 0.001097
552 0.000478
556 0.000169
560 0.000054
564 0.000023
568 0.000020
572 0.000044
576 0.000131
580 0.000279
584 0.000468
588 0.000553
592 0.000458
596 0.000311
600 0.000224
604 0.000329
608 0.001163
612 0.001852
616 0.001378
620 0.000841
624 0.000593
628 0.000440
632 0.000317
636 0.000155
640 0.000086
644 0.000093
648 0.000124
652 0.000125
656 0.000086
660 0.000078
664 0.000084
668 0.000081
672 0.000070
676 0.000071
680 0.000073
684 0.000066
688 0.000063
692 0.000051
696 0.000034
700 0.000035
704 0.000098
708 0.000175
712 0.000132
716 0.000052
720 0.000011
724 0.000003
728 0.000002
732 0.000004
736 0.000012
740 0.000011
744 0.000002
748 0.000002
752 0.000003
756 0.000006
760 0.000009
764 0.000016
768 0.000004
772 0.000003
776 0.000009
780 0.000014
