380 0.000004
384 0.000007
388 0.000001
392 0.000008
396 0.000007
400 0.000022
404 0.000031
408 0.000035
412 0.000041
416 0.000062
420 0.000116
424 0.000193
428 0.000299
432 0.000574
436 0.000903
440 0.000791
444 0.000647
448 0.000651
452 0.000663
456 0.000650
460 0.000599
464 0.000530
468 0.000461
472 0.000404
476 0.000363
480 0.000410
484 0.000590
488 0.000760
492 0.000714
496 0.000529
500 0.000328
504 0.000192
508 0.000121
512 0.000090
516 0.000068
520 0.000054
524 0.000040
528 0.000035
532 0.000058
536 0.000250
540 0.000988
544 0.001736
548 0.001265
552 0.000548
556 0.000192
560 0.000061
564 0.000028
568 0.000022
572 0.000048
576 0.000128
580 0.000240
584 0.000343
588 0.000366
592 0.000284
596 0.000179
600 0.000124
604 0.000160
608 0.000551
612 0.000873
616 0.000649
620 0.000389
624 0.000276
628 0.000203
632 0.000147
636 0.000070
640 0.000037
644 0.000044
648 0.000059
652 0.000060
656 0.000038
660 0.000032
664 0.000038
668 0.000037
672 0.000031
676 0.000033
680 0.000033
684 0.000032
688 0.000029
692 0.000024
696 0.000017
700 0.000018
704 0.000047
708 0.000081
712 0.000063
716 0.000025
720 0.000007
724 0.000004
728 0.000009
732 0.000007
736 0.000006
740 0.000006
744 0.000015
748 0.000012
752 0.000004
756 0.000005
760 0.000001
764 0.000010
768 0.000008
772 0.000015
776 0.000002
780 0.000002
