380 0.000000
384 0.000003
388 0.000002
392 0.000001
396 0.000005
400 0.000013
404 0.000016
408 0.000021
412 0.000022
416 0.000024
420 0.000038
424 0.000059
428 0.000086
432 0.000167
436 0.000261
440 0.000228
444 0.000189
448 0.000191
452 0.000191
456 0.000188
460 0.000173
464 0.000152
468 0.000134
472 0.000118
476 0.000108
480 0.000129
484 0.000198
488 0.000264
492 0.000256
496 0.000192
500 0.000121
504 0.000072
508 0.000047
512 0.000034
516 0.000028
520 0.000021
524 0.000015
528 0.000014
532 0.000025
536 0.000107
540 0.000421
544 0.000741
548 0.000541
552 0.000236
556 0.000081
560 0.000025
564 0.000012
568 0.000009
572 0.000020
576 0.000051
580 0.000084
584 0.000100
588 0.000092
592 0.000064
596 0.000037
600 0.000024
604 0.000019
608 0.000043
612 0.000065
616 0.000045
620 0.000025
624 0.000017
628 0.000011
632 0.000009
636 0.000004
640 0.000001
644 0.000002
648 0.000002
652 0.000003
656 0.000003
660 0.000001
664 0.000001
668 0.000002
672 0.000002
676 0.000001
680 0.000002
684 0.000003
688 0.000003
692 0.000002
696 0.000003
700 0.000000
704 0.000005
708 0.000007
712 0.000005
716 0.000002
720 0.000000
724 0.000000
728 0.000000
732 0.000000
736 0.000000
740 0.000000
744 0.000002
748 0.000002
752 0.000001
756 0.000001
760 0.000001
764 0.000006
768 0.000003
772 0.000007
776 0.000006
780 0.000001
