380 0.000003
384 0.000008
388 0.000001
392 0.000005
396 0.000002
400 0.000018
404 0.000042
408 0.000051
412 0.000058
416 0.000092
420 0.000204
424 0.000340
428 0.000538
432 0.001047
436 0.001663
440 0.001467
444 0.001207
448 0.001221
452 0.001250
456 0.001233
460 0.001141
464 0.001013
468 0.000880
472 0.000775
476 0.000690
480 0.000757
484 0.001057
488 0.001327
492 0.001230
496 0.000887
500 0.000550
504 0.000311
508 0.000194
512 0.000142
516 0.000110
520 0.000082
524 0.000064
528 0.000054
532 0.000088
536 0.000370
540 0.001461
544 0.002569
548 0.001865
552 0.000809
556 0.000281
560 0.000089
564 0.000040
568 0.000037
572 0.000072
576 0.000190
580 0.000344
584 0.000471
588 0.000490
592 0.000369
596 0.000232
600 0.000158
604 0.000201
608 0.000679
612 0.001083
616 0.000800
620 0.000479
624 0.000335
628 0.000246
632 0.000177
636 0.000087
640 0.000047
644 0.000050
648 0.000071
652 0.000075
656 0.000045
660 0.000041
664 0.000043
668 0.000044
672 0.000043
676 0.000044
680 0.000043
684 0.000042
688 0.000038
692 0.000031
696 0.000017
700 0.000021
704 0.000059
708 0.000109
712 0.000088
716 0.000029
720 0.000004
724 0.000003
728 0.000003
732 0.000001
736 0.000006
740 0.000015
744 0.000003
748 0.000005
752 0.000002
756 0.000017
760 0.000015
764 0.000015
768 0.000020
772 0.000002
776 0.000014
780 0.000009
