380 0.000012
384 0.000007
388 0.000002
392 0.000020
396 0.000007
400 0.000026
404 0.000036
408 0.000044
412 0.000050
416 0.000073
420 0.000146
424 0.000239
428 0.000372
432 0.000731
436 0.001163
440 0.001034
444 0.000838
448 0.000861
452 0.000875
456 0.000856
460 0.000800
464 0.000699
468 0.000618
472 0.000546
476 0.000495
480 0.000584
484 0.000864
488 0.001139
492 0.001089
496 0.000807
500 0.000522
504 0.000303
508 0.000195
512 0.000148
516 0.000118
520 0.000091
524 0.000062
528 0.000060
532 0.000105
536 0.000440
540 0.001757
544 0.003081
548 0.002237
552 0.000969
556 0.000341
560 0.000112
564 0.000047
568 0.000040
572 0.000079
576 0.000206
580 0.000348
584 0.000392
588 0.000339
592 0.000218
596 0.000113
600 0.000066
604 0.000048
608 0.000100
612 0.000141
616 0.000087
620 0.000046
624 0.000030
628 0.000017
632 0.000015
636 0.000005
640 0.000006
644 0.000004
648 0.000009
652 0.000013
656 0.000003
660 0.000004
664 0.000003
668 0.000005
672 0.000008
676 0.000009
680 0.000005
684 0.000009
688 0.000016
692 0.000011
696 0.000005
700 0.000008
704 0.000010
708 0.000012
712 0.000010
716 0.000004
720 0.000002
724 0.000011
728 0.000006
732 0.000002
736 0.000005
740 0.000002
744 0.000003
748 0.000004
752 0.000002
756 0.000002
760 0.000008
764 0.000030
768 0.000009
772 0.000013
776 0.000003
780 0.000011
