380 0.000004
384 0.000019
388 0.000007
392 0.000006
396 0.000025
400 0.000010
404 0.000037
408 0.000042
412 0.000045
416 0.000054
420 0.000075
424 0.000122
428 0.000172
432 0.000315
436 0.000474
440 0.000401
444 0.000322
448 0.000317
452 0.000321
456 0.000302
460 0.000278
464 0.000249
468 0.000216
472 0.000197
476 0.000186
480 0.000246
484 0.000405
488 0.000574
492 0.000575
496 0.000446
500 0.000295
504 0.000176
508 0.000119
512 0.000092
516 0.000076
520 0.000056
524 0.000043
528 0.000040
532 0.000069
536 0.000295
540 0.001185
544 0.002087
548 0.001519
552 0.000661
556 0.000232
560 0.000074
564 0.000031
568 0.000023
572 0.000062
576 0.000190
580 0.000422
584 0.000743
588 0.000919
592 0.000763
596 0.000520
600 0.000389
604 0.000576
608 0.002080
612 0.003344
616 0.002487
620 0.001505
624 0.001066
628 0.000800
632 0.000583
636 0.000289
640 0.000159
644 0.000178
648 0.000224
652 0.000224
656 0.000153
660 0.000143
664 0.000154
668 0.000150
672 0.000134
676 0.000128
680 0.000130
684 0.000116
688 0.000116
692 0.000098
696 0.000064
700 0.000067
704 0.000176
708 0.000325
712 0.000247
716 0.000098
720 0.000021
724 0.000009
728 0.000005
732 0.000009
736 0.000013
740 0.000035
744 0.000019
748 0.000016
752 0.000008
756 0.000002
760 0.000008
764 0.000031
768 0.000015
772 0.000025
776 0.000019
780 0.000035
