380 0.000001
384 0.000000
388 0.000000
392 0.000005
396 0.000008
400 0.000014
404 0.000023
408 0.000027
412 0.000031
416 0.000040
420 0.000069
424 0.000106
428 0.000161
432 0.000309
436 0.000481
440 0.000422
444 0.000341
448 0.000341
452 0.000348
456 0.000340
460 0.000311
464 0.000273
468 0.000239
472 0.000210
476 0.000192
480 0.000223
484 0.000329
488 0.000429
492 0.000407
496 0.000304
500 0.000191
504 0.000112
508 0.000072
512 0.000053
516 0.000042
520 0.000029
524 0.000025
528 0.000023
532 0.000037
536 0.000157
540 0.000615
544 0.001083
548 0.000789
552 0.000343
556 0.000119
560 0.000038
564 0.000017
568 0.000015
572 0.000031
576 0.000082
580 0.000156
584 0.000228
588 0.000251
592 0.000195
596 0.000126
600 0.000087
604 0.000118
608 0.000396
612 0.000630
616 0.000469
620 0.000285
624 0.000199
628 0.000147
632 0.000106
636 0.000051
640 0.000027
644 0.000030
648 0.000040
652 0.000041
656 0.000029
660 0.000026
664 0.000028
668 0.000025
672 0.000022
676 0.000023
680 0.000023
684 0.000023
688 0.000020
692 0.000017
696 0.000008
700 0.000012
704 0.000032
708 0.000059
712 0.000044
716 0.000014
720 0.000006
724 0.000005
728 0.000004
732 0.000003
736 0.000004
740 0.000001
744 0.000004
748 0.000002
752 0.000007
756 0.000001
760 0.000004
764 0.000004
768 0.000006
772 0.000003
776 0.000003
780 0.000002
