380 0.000017
384 0.000034
388 0.000039
392 0.000002
396 0.000008
400 0.000029
404 0.000037
408 0.000048
412 0.000066
416 0.000107
420 0.000243
424 0.000427
428 0.000703
432 0.001369
436 0.002178
440 0.001941
444 0.001629
448 0.001673
452 0.001738
456 0.001735
460 0.001623
464 0.001461
468 0.001293
472 0.001157
476 0.001058
480 0.001231
484 0.001826
488 0.002383
492 0.002267
496 0.001679
500 0.001085
504 0.000650
508 0.000415
512 0.000318
516 0.000248
520 0.000193
524 0.000145
528 0.000135
532 0.000237
536 0.001009
540 0.004007
544 0.007107
548 0.005179
552 0.002244
556 0.000791
560 0.000252
564 0.000116
568 0.000099
572 0.000212
576 0.000566
580 0.001064
584 0.001540
588 0.001623
592 0.001235
596 0.000787
600 0.000553
604 0.000738
608 0.002554
612 0.004077
616 0.003019
620 0.001809
624 0.001270
628 0.000960
632 0.000690
636 0.000339
640 0.000185
644 0.000212
648 0.000268
652 0.000277
656 0.000183
660 0.000168
664 0.000194
668 0.000183
672 0.000160
676 0.000166
680 0.000159
684 0.000166
688 0.000168
692 0.000132
696 0.000081
700 0.000097
704 0.000257
708 0.000437
712 0.000326
716 0.000123
720 0.000024
724 0.000002
728 0.000013
732 0.000025
736 0.000005
740 0.000026
744 0.000050
748 0.000018
752 0.000011
756 0.000056
760 0.000043
764 0.000044
768 0.000052
772 0.000005
776 0.000030
780 0.000040
