380 0.000021
384 0.000012
388 0.000010
392 0.000005
396 0.000024
400 0.000021
404 0.000035
408 0.000041
412 0.000056
416 0.000084
420 0.000123
424 0.000205
428 0.000306
432 0.000584
436 0.000906
440 0.000786
444 0.000624
448 0.000625
452 0.000629
456 0.000619
460 0.000571
464 0.000501
468 0.000448
472 0.000390
476 0.000371
480 0.000446
484 0.000695
488 0.000934
492 0.000913
496 0.000695
500 0.000456
504 0.000273
508 0.000175
512 0.000128
516 0.000104
520 0.000079
524 0.000068
528 0.000058
532 0.000096
536 0.000416
540 0.001671
544 0.002935
548 0.002141
552 0.000923
556 0.000320
560 0.000101
564 0.000046
568 0.000036
572 0.000097
576 0.000275
580 0.000589
584 0.001025
588 0.001251
592 0.001038
596 0.000718
600 0.000539
604 0.000788
608 0.002852
612 0.004602
616 0.003426
620 0.002077
624 0.001471
628 0.001113
632 0.000812
636 0.000392
640 0.000216
644 0.000242
648 0.000315
652 0.000319
656 0.000217
660 0.000206
664 0.000230
668 0.000218
672 0.000186
676 0.000173
680 0.000183
684 0.000178
688 0.000175
692 0.000138
696 0.000098
700 0.000096
704 0.000253
708 0.000449
712 0.000354
716 0.000139
720 0.000047
724 0.000011
728 0.000027
732 0.000025
736 0.000037
740 0.000012
744 0.000028
748 0.000020
752 0.000053
756 0.000008
760 0.000030
764 0.000017
768 0.000039
772 0.000030
776 0.000039
780 0.000008
