380 0.000001
384 0.000001
388 0.000003
392 0.000009
396 0.000009
400 0.000015
404 0.000026
408 0.000033
412 0.000039
416 0.000055
420 0.000102
424 0.000161
428 0.000240
432 0.000454
436 0.000713
440 0.000621
444 0.000506
448 0.000503
452 0.000513
456 0.000501
460 0.000460
464 0.000406
468 0.000352
472 0.000312
476 0.000283
480 0.000325
484 0.000478
488 0.000623
492 0.000594
496 0.000440
500 0.000278
504 0.000160
508 0.000105
512 0.000076
516 0.000061
520 0.000046
524 0.000035
528 0.000034
532 0.000051
536 0.000226
540 0.000888
544 0.001564
548 0.001140
552 0.000493
556 0.000173
560 0.000053
564 0.000024
568 0.000021
572 0.000045
576 0.000127
580 0.000255
584 0.000407
588 0.000466
592 0.000377
596 0.000250
600 0.000179
604 0.000252
608 0.000888
612 0.001418
616 0.001056
620 0.000641
624 0.000450
628 0.000333
632 0.000242
636 0.000120
640 0.000065
644 0.000071
648 0.000091
652 0.000093
656 0.000062
660 0.000056
664 0.000064
668 0.000063
672 0.000055
676 0.000056
680 0.000054
684 0.000047
688 0.000051
692 0.000038
696 0.000029
700 0.000026
704 0.000073
708 0.000132
712 0.000100
716 0.000037
720 0.000004
724 0.000006
728 0.000002
732 0.000008
736 0.000003
740 0.000008
744 0.000009
748 0.000009
752 0.000005
756 0.000003
760 0.000012
764 0.000015
768 0.000013
772 0.000016
776 0.000016
780 0.000002
