380 0.000000
384 0.000000
388 0.000001
392 0.000004
396 0.000006
400 0.000012
404 0.000020
408 0.000022
412 0.000024
416 0.000027
420 0.000043
424 0.000065
428 0.000097
432 0.000186
436 0.000291
440 0.000257
444 0.000211
448 0.000212
452 0.000216
456 0.000211
460 0.000193
464 0.000171
468 0.000150
472 0.000131
476 0.000119
480 0.000136
484 0.000200
488 0.000261
492 0.000248
496 0.000183
500 0.000114
504 0.000066
508 0.000043
512 0.000031
516 0.000025
520 0.000018
524 0.000014
528 0.000012
532 0.000022
536 0.000091
540 0.000362
544 0.000636
548 0.000465
552 0.000202
556 0.000071
560 0.000022
564 0.000010
568 0.000009
572 0.000017
576 0.000044
580 0.000075
584 0.000094
588 0.000089
592 0.000064
596 0.000038
600 0.000024
604 0.000022
608 0.000065
612 0.000099
616 0.000072
620 0.000042
624 0.000027
628 0.000020
632 0.000014
636 0.000007
640 0.000004
644 0.000004
648 0.000006
652 0.000005
656 0.000004
660 0.000004
664 0.000004
668 0.000004
672 0.000003
676 0.000004
680 0.000002
684 0.000003
688 0.000002
692 0.000003
696 0.000002
700 0.000002
704 0.000005
708 0.000011
712 0.000008
716 0.000001
720 0.000000
724 0.000001
728 0.000001
732 0.000002
736 0.000000
740 0.000005
744 0.000000
748 0.000006
752 0.000003
756 0.000001
760 0.000003
764 0.000002
768 0.000001
772 0.000001
776 0.000005
780 0.000002
