380 0.000002
384 0.000001
388 0.000000
392 0.000004
396 0.000004
400 0.000011
404 0.000015
408 0.000022
412 0.000021
416 0.000027
420 0.000038
424 0.000057
428 0.000088
432 0.000167
436 0.000262
440 0.000229
444 0.000189
448 0.000190
452 0.000194
456 0.000189
460 0.000172
464 0.000152
468 0.000133
472 0.000117
476 0.000108
480 0.000127
484 0.000191
488 0.000251
492 0.000240
496 0.000179
500 0.000114
504 0.000066
508 0.000043
512 0.000032
516 0.000026
520 0.000017
524 0.000015
528 0.000013
532 0.000022
536 0.000096
540 0.000378
544 0.000665
548 0.000486
552 0.000211
556 0.000073
560 0.000022
564 0.000010
568 0.000008
572 0.000018
576 0.000047
580 0.000078
584 0.000097
588 0.000091
592 0.000065
596 0.000038
600 0.000024
604 0.000021
608 0.000059
612 0.000089
616 0.000065
620 0.000037
624 0.000026
628 0.000018
632 0.000013
636 0.000006
640 0.000004
644 0.000003
648 0.000005
652 0.000006
656 0.000004
660 0.000003
664 0.000003
668 0.000003
672 0.000003
676 0.000001
680 0.000002
684 0.000003
688 0.000004
692 0.000001
696 0.000001
700 0.000002
704 0.000005
708 0.000010
712 0.000009
716 0.000002
720 0.000002
724 0.000001
728 0.000000
732 0.000000
736 0.000000
740 0.000000
744 0.000000
748 0.000000
752 0.000000
756 0.000001
760 0.000005
764 0.000006
768 0.000001
772 0.000007
776 0.000009
780 0.000001
