380 0.000017
384 0.000033
388 0.000003
392 0.000005
396 0.000028
400 0.000029
404 0.000030
408 0.000049
412 0.000069
416 0.000102
420 0.000207
424 0.000385
428 0.000609
432 0.001187
436 0.001895
440 0.001678
444 0.001386
448 0.001409
452 0.001456
456 0.001436
460 0.001334
464 0.001189
468 0.001036
472 0.000900
476 0.000822
480 0.000938
484 0.001351
488 0.001733
492 0.001632
496 0.001194
500 0.000749
504 0.000438
508 0.000278
512 0.000202
516 0.000158
520 0.000124
524 0.000092
528 0.000085
532 0.000144
536 0.000587
540 0.002330
544 0.004082
548 0.002957
552 0.001282
556 0.000448
560 0.000145
564 0.000066
568 0.000051
572 0.000109
576 0.000280
580 0.000462
584 0.000524
588 0.000448
592 0.000280
596 0.000144
600 0.000069
604 0.000051
608 0.000110
612 0.000142
616 0.000091
620 0.000044
624 0.000015
628 0.000015
632 0.000011
636 0.000005
640 0.000014
644 0.000009
648 0.000001
652 0.000004
656 0.000003
660 0.000001
664 0.000004
668 0.000001
672 0.000006
676 0.000014
680 0.000002
684 0.000005
688 0.000004
692 0.000008
696 0.000008
700 0.000009
704 0.000013
708 0.000030
712 0.000033
716 0.000019
720 0.000018
724 0.000005
728 0.000011
732 0.000007
736 0.000005
740 0.000007
744 0.000008
748 0.000009
752 0.000011
756 0.000005
760 0.000023
764 0.000019
768 0.000004
772 0.000006
776 0.000009
780 0.000003
