380 0.000000
384 0.000006
388 0.000001
392 0.000001
396 0.000008
400 0.000014
404 0.000024
408 0.000029
412 0.000030
416 0.000041
420 0.000072
424 0.000111
428 0.000169
432 0.000317
436 0.000493
440 0.000432
444 0.000349
448 0.000348
452 0.000355
456 0.000345
460 0.000317
464 0.000279
468 0.000243
472 0.000215
476 0.000193
480 0.000217
484 0.000313
488 0.000401
492 0.000379
496 0.000277
500 0.000171
504 0.000100
508 0.000064
512 0.000047
516 0.000036
520 0.000027
524 0.000020
528 0.000018
532 0.000031
536 0.000131
540 0.000515
544 0.000905
548 0.000659
552 0.000287
556 0.000100
560 0.000032
564 0.000015
568 0.000012
572 0.000026
576 0.000075
580 0.000153
584 0.000250
588 0.000294
592 0.000239
596 0.000161
600 0.000116
604 0.000163
608 0.000569
612 0.000906
616 0.000677
620 0.000412
624 0.000290
628 0.000214
632 0.000155
636 0.000076
640 0.000042
644 0.000045
648 0.000059
652 0.000061
656 0.000040
660 0.000039
664 0.000042
668 0.000039
672 0.000036
676 0.000034
680 0.000034
684 0.000032
688 0.000031
692 0.000027
696 0.000014
700 0.000016
704 0.000045
708 0.000084
712 0.000067
716 0.000025
720 0.000010
724 0.000005
728 0.000006
732 0.000001
736 0.000003
740 0.000001
744 0.000005
748 0.000002
752 0.000005
756 0.000011
760 0.000010
764 0.000013
768 0.000002
772 0.000004
776 0.000006
780 0.000001
