380 0.000009
384 0.000004
388 0.000001
392 0.000001
396 0.000004
400 0.000008
404 0.000016
408 0.000020
412 0.000029
416 0.000065
420 0.000139
424 0.000260
428 0.000410
432 0.000817
436 0.001335
440 0.001190
444 0.000971
448 0.000979
452 0.001010
456 0.001000
460 0.000928
464 0.000821
468 0.000725
472 0.000638
476 0.000575
480 0.000638
484 0.000920
488 0.001196
492 0.001138
496 0.000842
500 0.000532
504 0.000309
508 0.000197
512 0.000145
516 0.000113
520 0.000084
524 0.000065
528 0.000058
532 0.000091
536 0.000376
540 0.001550
544 0.002857
548 0.002126
552 0.000931
556 0.000326
560 0.000102
564 0.000047
568 0.000035
572 0.000071
576 0.000184
580 0.000309
584 0.000354
588 0.000305
592 0.000193
596 0.000097
600 0.000055
604 0.000041
608 0.000074
612 0.000110
616 0.000079
620 0.000045
624 0.000033
628 0.000032
632 0.000030
636 0.000021
640 0.000010
644 0.000009
648 0.000005
652 0.000005
656 0.000004
660 0.000008
664 0.000005
668 0.000001
672 0.000000
676 0.000001
680 0.000003
684 0.000004
688 0.000004
692 0.000001
696 0.000006
700 0.000001
704 0.000010
708 0.000021
712 0.000016
716 0.000004
720 0.000002
724 0.000001
728 0.000001
732 0.000002
736 0.000001
740 0.000001
744 0.000003
748 0.000006
752 0.000006
756 0.000015
760 0.000011
764 0.000018
768 0.000004
772 0.000007
776 0.000018
780 0.000013
