380 0.000000
384 0.000001
388 0.000000
392 0.000000
396 0.000000
400 0.000002
404 0.000003
408 0.000005
412 0.000006
416 0.000014
420 0.000033
424 0.000058
428 0.000093
432 0.000184
436 0.000298
440 0.000266
444 0.000215
448 0.000219
452 0.000225
456 0.000221
460 0.000205
464 0.000185
468 0.000164
472 0.000144
476 0.000129
480 0.000143
484 0.000205
488 0.000268
492 0.000256
496 0.000189
500 0.000119
504 0.000069
508 0.000044
512 0.000033
516 0.000026
520 0.000019
524 0.000015
528 0.000013
532 0.000020
536 0.000084
540 0.000345
544 0.000637
548 0.000476
552 0.000210
556 0.000073
560 0.000022
564 0.000009
568 0.000008
572 0.000015
576 0.000040
580 0.000068
584 0.000082
588 0.000074
592 0.000050
596 0.000026
600 0.000016
604 0.000014
608 0.000036
612 0.000056
616 0.000045
620 0.000032
624 0.000032
628 0.000035
632 0.000030
636 0.000021
640 0.000010
644 0.000006
648 0.000003
652 0.000003
656 0.000002
660 0.000001
664 0.000001
668 0.000003
672 0.000002
676 0.000001
680 0.000000
684 0.000001
688 0.000001
692 0.000002
696 0.000001
700 0.000002
704 0.000004
708 0.000006
712 0.000005
716 0.000002
720 0.000000
724 0.000000
728 0.000000
732 0.000000
736 0.000001
740 0.000001
744 0.000002
748 0.000001
752 0.000001
756 0.000001
760 0.000007
764 0.000008
768 0.000001
772 0.000004
776 0.000003
780 0.000010
