380 0.000005
384 0.000002
388 0.000000
392 0.000000
396 0.000001
400 0.000005
404 0.000012
408 0.000018
412 0.000025
416 0.000048
420 0.000107
424 0.000185
428 0.000283
432 0.000540
436 0.000871
440 0.000771
444 0.000622
448 0.000624
452 0.000638
456 0.000628
460 0.000580
464 0.000515
468 0.000450
472 0.000397
476 0.000355
480 0.000390
484 0.000556
488 0.000719
492 0.000683
496 0.000502
500 0.000316
504 0.000180
508 0.000115
512 0.000086
516 0.000068
520 0.000050
524 0.000039
528 0.000034
532 0.000052
536 0.000213
540 0.000879
544 0.001623
548 0.001212
552 0.000532
556 0.000187
560 0.000060
564 0.000024
568 0.000020
572 0.000043
576 0.000122
580 0.000244
584 0.000382
588 0.000435
592 0.000347
596 0.000226
600 0.000161
604 0.000217
608 0.000761
612 0.001275
616 0.000969
620 0.000589
624 0.000425
628 0.000326
632 0.000245
636 0.000127
640 0.000065
644 0.000066
648 0.000083
652 0.000084
656 0.000056
660 0.000050
664 0.000058
668 0.000058
672 0.000050
676 0.000048
680 0.000051
684 0.000046
688 0.000047
692 0.000036
696 0.000020
700 0.000022
704 0.000062
708 0.000118
712 0.000095
716 0.000038
720 0.000009
724 0.000001
728 0.000005
732 0.000005
736 0.000007
740 0.000009
744 0.000014
748 0.000014
752 0.000010
756 0.000001
760 0.000011
764 0.000014
768 0.000008
772 0.000012
776 0.000002
780 0.000002
