380 0.000002
384 0.000002
388 0.000016
392 0.000001
396 0.000002
400 0.000008
404 0.000017
408 0.000011
412 0.000009
416 0.000043
420 0.000083
424 0.000146
428 0.000193
432 0.000354
436 0.000554
440 0.000480
444 0.000380
448 0.000369
452 0.000374
456 0.000368
460 0.000344
464 0.000307
468 0.000269
472 0.000240
476 0.000243
480 0.000316
484 0.000539
488 0.000769
492 0.000784
496 0.000617
500 0.000410
504 0.000249
508 0.000170
512 0.000130
516 0.000101
520 0.000081
524 0.000066
528 0.000058
532 0.000097
536 0.000391
540 0.001635
544 0.003032
548 0.002259
552 0.000990
556 0.000350
560 0.000108
564 0.000045
568 0.000044
572 0.000087
576 0.000265
580 0.000586
584 0.001044
588 0.001291
592 0.001087
596 0.000744
600 0.000554
604 0.000774
608 0.002844
612 0.004807
616 0.003649
620 0.002206
624 0.001576
628 0.001198
632 0.000886
636 0.000434
640 0.000232
644 0.000252
648 0.000320
652 0.000327
656 0.000228
660 0.000199
664 0.000236
668 0.000224
672 0.000191
676 0.000187
680 0.000202
684 0.000185
688 0.000171
692 0.000142
696 0.000104
700 0.000092
704 0.000254
708 0.000476
712 0.000372
716 0.000145
720 0.000043
724 0.000009
728 0.000027
732 0.000030
736 0.000015
740 0.000008
744 0.000033
748 0.000016
752 0.000025
756 0.000006
760 0.000045
764 0.000060
768 0.000030
772 0.000035
776 0.000023
780 0.000032
