380 0.000005
384 0.000002
388 0.000000
392 0.000001
396 0.000002
400 0.000006
404 0.000011
408 0.000011
412 0.000018
416 0.000032
420 0.000070
424 0.000115
428 0.000176
432 0.000336
436 0.000533
440 0.000468
444 0.000374
448 0.000371
452 0.000377
456 0.000369
460 0.000340
464 0.000306
468 0.000270
472 0.000237
476 0.000217
480 0.000251
484 0.000379
488 0.000508
492 0.000498
496 0.000377
500 0.000242
504 0.000142
508 0.000092
512 0.000069
516 0.000056
520 0.000041
524 0.000031
528 0.000028
532 0.000047
536 0.000191
540 0.000788
544 0.001452
548 0.001085
552 0.000478
556 0.000167
560 0.000052
564 0.000025
568 0.000018
572 0.000038
576 0.000118
580 0.000251
584 0.000420
588 0.000505
592 0.000418
596 0.000279
600 0.000204
604 0.000278
608 0.000999
612 0.001674
616 0.001272
620 0.000776
624 0.000557
628 0.000423
632 0.000316
636 0.000162
640 0.000084
644 0.000086
648 0.000110
652 0.000112
656 0.000077
660 0.000068
664 0.000077
668 0.000075
672 0.000063
676 0.000062
680 0.000065
684 0.000059
688 0.000059
692 0.000048
696 0.000030
700 0.000029
704 0.000084
708 0.000157
712 0.000125
716 0.000049
720 0.000013
724 0.000005
728 0.000006
732 0.000004
736 0.000009
740 0.000006
744 0.000006
748 0.000006
752 0.000009
756 0.000001
760 0.000014
764 0.000026
768 0.000016
772 0.000010
776 0.000003
780 0.000001
