380 0.000001
384 0.000002
388 0.000001
392 0.000004
396 0.000000
400 0.000003
404 0.000009
408 0.000011
412 0.000013
416 0.000029
420 0.000066
424 0.000114
428 0.000180
432 0.000346
436 0.000558
440 0.000495
444 0.000398
448 0.000400
452 0.000410
456 0.000404
460 0.000374
464 0.000333
468 0.000292
472 0.000255
476 0.000229
480 0.000254
484 0.000361
488 0.000469
492 0.000447
496 0.000329
500 0.000206
504 0.000120
508 0.000076
512 0.000055
516 0.000043
520 0.000032
524 0.000024
528 0.000022
532 0.000034
536 0.000141
540 0.000581
544 0.001071
548 0.000799
552 0.000351
556 0.000123
560 0.000040
564 0.000018
568 0.000013
572 0.000027
576 0.000075
580 0.000143
584 0.000204
588 0.000218
592 0.000167
596 0.000105
600 0.000072
604 0.000092
608 0.000312
612 0.000517
616 0.000395
620 0.000244
624 0.000180
628 0.000144
632 0.000112
636 0.000061
640 0.000030
644 0.000030
648 0.000035
652 0.000034
656 0.000023
660 0.000020
664 0.000022
668 0.000021
672 0.000020
676 0.000017
680 0.000020
684 0.000017
688 0.000019
692 0.000016
696 0.000013
700 0.000009
704 0.000026
708 0.000051
712 0.000041
716 0.000016
720 0.000003
724 0.000002
728 0.000003
732 0.000001
736 0.000000
740 0.000001
744 0.000006
748 0.000009
752 0.000005
756 0.000004
760 0.000017
764 0.000017
768 0.000003
772 0.000004
776 0.000008
780 0.000001
