380 0.000005
384 0.000002
388 0.000009
392 0.000014
396 0.000007
400 0.000013
404 0.000022
408 0.000030
412 0.000043
416 0.000089
420 0.000208
424 0.000369
428 0.000593
432 0.001164
436 0.001903
440 0.001710
444 0.001397
448 0.001413
452 0.001453
456 0.001443
460 0.001341
464 0.001196
468 0.001046
472 0.000915
476 0.000812
480 0.000867
484 0.001183
488 0.001482
492 0.001374
496 0.000984
500 0.000610
504 0.000346
508 0.000213
512 0.000154
516 0.000116
520 0.000086
524 0.000064
528 0.000055
532 0.000084
536 0.000342
540 0.001401
544 0.002580
548 0.001920
552 0.000839
556 0.000298
560 0.000092
564 0.000040
568 0.000031
572 0.000065
576 0.000178
580 0.000314
584 0.000412
588 0.000410
592 0.000301
596 0.000180
600 0.000116
604 0.000135
608 0.000443
612 0.000729
616 0.000550
620 0.000333
624 0.000241
628 0.000186
632 0.000142
636 0.000075
640 0.000041
644 0.000039
648 0.000046
652 0.000046
656 0.000034
660 0.000028
664 0.000030
668 0.000030
672 0.000026
676 0.000028
680 0.000031
684 0.000024
688 0.000025
692 0.000020
696 0.000014
700 0.000012
704 0.000037
708 0.000076
712 0.000064
716 0.000023
720 0.000012
724 0.000003
728 0.000001
732 0.000001
736 0.000001
740 0.000003
744 0.000020
748 0.000011
752 0.000002
756 0.000004
760 0.000008
764 0.000017
768 0.000030
772 0.000012
776 0.000021
780 0.000016
