380 0.000006
384 0.000007
388 0.000013
392 0.000014
396 0.000003
400 0.000010
404 0.000022
408 0.000033
412 0.000050
416 0.000091
420 0.000213
424 0.000407
428 0.000657
432 0.001309
436 0.002146
440 0.001929
444 0.001592
448 0.001619
452 0.001673
456 0.001658
460 0.001545
464 0.001382
468 0.001210
472 0.001061
476 0.000952
480 0.001051
484 0.001491
488 0.001912
492 0.001800
496 0.001316
500 0.000823
504 0.000482
508 0.000302
512 0.000222
516 0.000175
520 0.000127
524 0.000095
528 0.000091
532 0.000131
536 0.000543
540 0.002247
544 0.004146
548 0.003081
552 0.001348
556 0.000474
560 0.000148
564 0.000061
568 0.000048
572 0.000105
576 0.000272
580 0.000454
584 0.000516
588 0.000452
592 0.000284
596 0.000141
600 0.000072
604 0.000054
608 0.000111
612 0.000155
616 0.000105
620 0.000052
624 0.000045
628 0.000037
632 0.000037
636 0.000028
640 0.000014
644 0.000002
648 0.000007
652 0.000006
656 0.000002
660 0.000001
664 0.000002
668 0.000003
672 0.000003
676 0.000001
680 0.000001
684 0.000006
688 0.000011
692 0.000011
696 0.000003
700 0.000001
704 0.000019
708 0.000016
712 0.000027
716 0.000005
720 0.000004
724 0.000002
728 0.000005
732 0.000007
736 0.000016
740 0.000008
744 0.000008
748 0.000020
752 0.000027
756 0.000003
760 0.000018
764 0.000023
768 0.000023
772 0.000023
776 0.000013
780 0.000015
