380 0.000006
384 0.000008
388 0.000006
392 0.000012
396 0.000002
400 0.000011
404 0.000021
408 0.000020
412 0.000020
416 0.000044
420 0.000087
424 0.000141
428 0.000207
432 0.000383
436 0.000608
440 0.000528
444 0.000418
448 0.000416
452 0.000421
456 0.000408
460 0.000380
464 0.000335
468 0.000300
472 0.000264
476 0.000249
480 0.000300
484 0.000473
488 0.000649
492 0.000645
496 0.000493
500 0.000322
504 0.000192
508 0.000125
512 0.000096
516 0.000077
520 0.000061
524 0.000047
528 0.000044
532 0.000069
536 0.000273
540 0.001140
544 0.002109
548 0.001574
552 0.000690
556 0.000246
560 0.000079
564 0.000034
568 0.000027
572 0.000062
576 0.000184
580 0.000404
584 0.000717
588 0.000891
592 0.000747
596 0.000508
600 0.000378
604 0.000523
608 0.001915
612 0.003215
616 0.002436
620 0.001473
624 0.001054
628 0.000797
632 0.000591
636 0.000294
640 0.000156
644 0.000164
648 0.000213
652 0.000218
656 0.000153
660 0.000131
664 0.000152
668 0.000146
672 0.000130
676 0.000122
680 0.000128
684 0.000118
688 0.000120
692 0.000097
696 0.000065
700 0.000061
704 0.000163
708 0.000303
712 0.000239
716 0.000098
720 0.000028
724 0.000020
728 0.000028
732 0.000012
736 0.000009
740 0.000011
744 0.000015
748 0.000020
752 0.000031
756 0.000003
760 0.000012
764 0.000021
768 0.000006
772 0.000015
776 0.000028
780 0.000033
