380 0.000006
384 0.000003
388 0.000008
392 0.000018
396 0.000006
400 0.000017
404 0.000027
408 0.000024
412 0.000029
416 0.000068
420 0.000142
424 0.000222
428 0.000339
432 0.000656
436 0.001055
440 0.000926
444 0.000747
448 0.000744
452 0.000758
456 0.000749
460 0.000694
464 0.000613
468 0.000537
472 0.000476
476 0.000434
480 0.000505
484 0.000757
488 0.001010
492 0.000982
496 0.000737
500 0.000475
504 0.000280
508 0.000182
512 0.000134
516 0.000102
520 0.000081
524 0.000058
528 0.000053
532 0.000089
536 0.000373
540 0.001541
544 0.002853
548 0.002122
552 0.000932
556 0.000331
560 0.000106
564 0.000043
568 0.000039
572 0.000079
576 0.000241
580 0.000529
584 0.000936
588 0.001157
592 0.000972
596 0.000669
600 0.000498
604 0.000679
608 0.002480
612 0.004183
616 0.003169
620 0.001912
624 0.001371
628 0.001038
632 0.000767
636 0.000383
640 0.000206
644 0.000221
648 0.000283
652 0.000286
656 0.000201
660 0.000180
664 0.000195
668 0.000194
672 0.000173
676 0.000166
680 0.000169
684 0.000158
688 0.000154
692 0.000124
696 0.000088
700 0.000087
704 0.000228
708 0.000425
712 0.000324
716 0.000117
720 0.000033
724 0.000014
728 0.000019
732 0.000009
736 0.000021
740 0.000026
744 0.000031
748 0.000015
752 0.000004
756 0.000026
760 0.000021
764 0.000036
768 0.000011
772 0.000029
776 0.000029
780 0.000016
