380 0.000001
384 0.000000
388 0.000000
392 0.000000
396 0.000000
400 0.000000
404 0.000001
408 0.000002
412 0.000007
416 0.000018
420 0.000037
424 0.000067
428 0.000106
432 0.000207
436 0.000335
440 0.000298
444 0.000243
448 0.000244
452 0.000251
456 0.000248
460 0.000230
464 0.000206
468 0.000181
472 0.000160
476 0.000143
480 0.000155
484 0.000220
488 0.000284
492 0.000269
496 0.000198
500 0.000123
504 0.000070
508 0.000045
512 0.000033
516 0.000026
520 0.000019
524 0.000014
528 0.000013
532 0.000020
536 0.000084
540 0.000343
544 0.000633
548 0.000473
552 0.000207
556 0.000073
560 0.000023
564 0.000010
568 0.000008
572 0.000016
576 0.000040
580 0.000068
584 0.000082
588 0.000074
592 0.000049
596 0.000026
600 0.000015
604 0.000015
608 0.000038
612 0.000058
616 0.000045
620 0.000033
624 0.000033
628 0.000033
632 0.000031
636 0.000020
640 0.000011
644 0.000006
648 0.000005
652 0.000003
656 0.000002
660 0.000002
664 0.000001
668 0.000000
672 0.000001
676 0.000001
680 0.000000
684 0.000001
688 0.000001
692 0.000001
696 0.000000
700 0.000001
704 0.000002
708 0.000005
712 0.000005
716 0.000003
720 0.000000
724 0.000000
728 0.000000
732 0.000000
736 0.000000
740 0.000000
744 0.000000
748 0.000002
752 0.000001
756 0.000003
760 0.000005
764 0.000006
768 0.000002
772 0.000006
776 0.000005
780 0.000001
