380 0.000030
384 0.000008
388 0.000017
392 0.000024
396 0.000005
400 0.000023
404 0.000042
408 0.000041
412 0.000056
416 0.000117
420 0.000262
424 0.000460
428 0.000734
432 0.001466
436 0.002404
440 0.002152
444 0.001776
448 0.001833
452 0.001904
456 0.001909
460 0.001796
464 0.001624
468 0.001423
472 0.001265
476 0.001169
480 0.001341
484 0.001977
488 0.002593
492 0.002493
496 0.001861
500 0.001194
504 0.000707
508 0.000459
512 0.000347
516 0.000269
520 0.000205
524 0.000162
528 0.000139
532 0.000220
536 0.000996
540 0.004196
544 0.007742
548 0.005757
552 0.002516
556 0.000887
560 0.000280
564 0.000120
568 0.000098
572 0.000208
576 0.000602
580 0.001142
584 0.001648
588 0.001777
592 0.001359
596 0.000855
600 0.000599
604 0.000767
608 0.002681
612 0.004471
616 0.003362
620 0.002002
624 0.001413
628 0.001082
632 0.000804
636 0.000405
640 0.000215
644 0.000233
648 0.000301
652 0.000293
656 0.000198
660 0.000186
664 0.000213
668 0.000206
672 0.000169
676 0.000164
680 0.000168
684 0.000164
688 0.000173
692 0.000144
696 0.000082
700 0.000108
704 0.000262
708 0.000469
712 0.000360
716 0.000164
720 0.000036
724 0.000006
728 0.000019
732 0.000036
736 0.000006
740 0.000010
744 0.000056
748 0.000028
752 0.000036
756 0.000044
760 0.000059
764 0.000039
768 0.000027
772 0.000045
776 0.000009
780 0.000006
