380 0.000002
384 0.000001
388 0.000001
392 0.000003
396 0.000003
400 0.000004
404 0.000011
408 0.000015
412 0.000026
416 0.000057
420 0.000123
424 0.000217
428 0.000336
432 0.000655
436 0.001060
440 0.000945
444 0.000764
448 0.000770
452 0.000790
456 0.000779
460 0.000722
464 0.000642
468 0.000561
472 0.000491
476 0.000438
480 0.000476
484 0.000665
488 0.000851
492 0.000802
496 0.000584
500 0.000365
504 0.000209
508 0.000132
512 0.000096
516 0.000074
520 0.000055
524 0.000040
528 0.000036
532 0.000056
536 0.000229
540 0.000948
544 0.001747
548 0.001302
552 0.000572
556 0.000201
560 0.000063
564 0.000027
568 0.000021
572 0.000044
576 0.000123
580 0.000225
584 0.000309
588 0.000318
592 0.000241
596 0.000149
600 0.000101
604 0.000122
608 0.000412
612 0.000681
616 0.000518
620 0.000317
624 0.000232
628 0.000181
632 0.000139
636 0.000075
640 0.000039
644 0.000039
648 0.000044
652 0.000044
656 0.000031
660 0.000029
664 0.000030
668 0.000030
672 0.000028
676 0.000024
680 0.000024
684 0.000023
688 0.000023
692 0.000018
696 0.000014
700 0.000011
704 0.000034
708 0.000065
712 0.000053
716 0.000022
720 0.000004
724 0.000006
728 0.000001
732 0.000001
736 0.000005
740 0.000008
744 0.000014
748 0.000010
752 0.000003
756 0.000010
760 0.000020
764 0.000016
768 0.000003
772 0.000005
776 0.000012
780 0.000003
