380 0.000000
384 0.000000
388 0.000001
392 0.000000
396 0.000000
400 0.000001
404 0.000003
408 0.000003
412 0.000005
416 0.000013
420 0.000029
424 0.000053
428 0.000085
432 0.000166
436 0.000269
440 0.000242
444 0.000197
448 0.000197
452 0.000203
456 0.000201
460 0.000187
464 0.000169
468 0.000149
472 0.000131
476 0.000118
480 0.000133
484 0.000192
488 0.000254
492 0.000244
496 0.000182
500 0.000115
504 0.000067
508 0.000043
512 0.000032
516 0.000025
520 0.000019
524 0.000014
528 0.000014
532 0.000021
536 0.000086
540 0.000351
544 0.000645
548 0.000482
552 0.000212
556 0.000074
560 0.000023
564 0.000010
568 0.000008
572 0.000015
576 0.000041
580 0.000069
584 0.000081
588 0.000071
592 0.000045
596 0.000023
600 0.000013
604 0.000011
608 0.000023
612 0.000035
616 0.000028
620 0.000023
624 0.000025
628 0.000028
632 0.000026
636 0.000019
640 0.000011
644 0.000005
648 0.000002
652 0.000000
656 0.000002
660 0.000000
664 0.000001
668 0.000000
672 0.000000
676 0.000000
680 0.000000
684 0.000000
688 0.000001
692 0.000001
696 0.000000
700 0.000000
704 0.000002
708 0.000003
712 0.000003
716 0.000000
720 0.000000
724 0.000001
728 0.000000
732 0.000000
736 0.000001
740 0.000000
744 0.000000
748 0.000002
752 0.000005
756 0.000002
760 0.000005
764 0.000009
768 0.000003
772 0.000003
776 0.000001
780 0.000001
