380 0.000000
384 0.000001
388 0.000000
392 0.000002
396 0.000001
400 0.000004
404 0.000010
408 0.000013
412 0.000017
416 0.000033
420 0.000072
424 0.000123
428 0.000191
432 0.000367
436 0.000592
440 0.000523
444 0.000419
448 0.000421
452 0.000432
456 0.000425
460 0.000391
464 0.000348
468 0.000307
472 0.000268
476 0.000238
480 0.000256
484 0.000359
488 0.000460
492 0.000433
496 0.000314
500 0.000196
504 0.000112
508 0.000071
512 0.000052
516 0.000039
520 0.000030
524 0.000022
528 0.000019
532 0.000031
536 0.000125
540 0.000512
544 0.000941
548 0.000703
552 0.000309
556 0.000108
560 0.000034
564 0.000016
568 0.000012
572 0.000026
576 0.000072
580 0.000147
584 0.000234
588 0.000273
592 0.000221
596 0.000146
600 0.000104
604 0.000140
608 0.000496
612 0.000830
616 0.000635
620 0.000391
624 0.000285
628 0.000221
632 0.000170
636 0.000089
640 0.000048
644 0.000045
648 0.000055
652 0.000054
656 0.000036
660 0.000031
664 0.000036
668 0.000035
672 0.000032
676 0.000030
680 0.000033
684 0.000031
688 0.000028
692 0.000023
696 0.000017
700 0.000015
704 0.000042
708 0.000075
712 0.000063
716 0.000022
720 0.000005
724 0.000003
728 0.000001
732 0.000001
736 0.000006
740 0.000005
744 0.000006
748 0.000003
752 0.000004
756 0.000001
760 0.000007
764 0.000014
768 0.000003
772 0.000011
776 0.000002
780 0.000001
