380 0.000001
384 0.000000
388 0.000000
392 0.000000
396 0.000002
400 0.000006
404 0.000010
408 0.000013
412 0.000018
416 0.000037
420 0.000075
424 0.000124
428 0.000193
432 0.000371
436 0.000572
440 0.000495
444 0.000403
448 0.000405
452 0.000411
456 0.000404
460 0.000371
464 0.000330
468 0.000289
472 0.000252
476 0.000224
480 0.000245
484 0.000344
488 0.000428
492 0.000396
496 0.000283
500 0.000175
504 0.000099
508 0.000063
512 0.000046
516 0.000036
520 0.000026
524 0.000021
528 0.000019
532 0.000031
536 0.000127
540 0.000487
544 0.000832
548 0.000597
552 0.000258
556 0.000089
560 0.000029
564 0.000013
568 0.000011
572 0.000024
576 0.000074
580 0.000152
584 0.000254
588 0.000299
592 0.000244
596 0.000164
600 0.000121
604 0.000187
608 0.000646
612 0.001003
616 0.000745
620 0.000465
624 0.000338
628 0.000264
632 0.000196
636 0.000101
640 0.000055
644 0.000054
648 0.000068
652 0.000067
656 0.000046
660 0.000042
664 0.000046
668 0.000044
672 0.000038
676 0.000036
680 0.000038
684 0.000035
688 0.000038
692 0.000028
696 0.000020
700 0.000021
704 0.000055
708 0.000096
712 0.000070
716 0.000028
720 0.000005
724 0.000005
728 0.000001
732 0.000003
736 0.000003
740 0.000006
744 0.000005
748 0.000006
752 0.000005
756 0.000004
760 0.000009
764 0.000013
768 0.000014
772 0.000011
776 0.000010
780 0.000004
