380 0.000006
384 0.000013
388 0.000003
392 0.000004
396 0.000006
400 0.000010
404 0.000014
408 0.000015
412 0.000022
416 0.000040
420 0.000082
424 0.000127
428 0.000195
432 0.000366
436 0.000556
440 0.000476
444 0.000383
448 0.000379
452 0.000383
456 0.000374
460 0.000344
464 0.000304
468 0.000267
472 0.000234
476 0.000209
480 0.000235
484 0.000330
488 0.000414
492 0.000383
496 0.000278
500 0.000171
504 0.000100
508 0.000066
512 0.000047
516 0.000037
520 0.000028
524 0.000022
528 0.000018
532 0.000031
536 0.000135
540 0.000517
544 0.000881
548 0.000629
552 0.000271
556 0.000096
560 0.000032
564 0.000012
568 0.000011
572 0.000029
576 0.000102
580 0.000255
584 0.000500
588 0.000640
592 0.000547
596 0.000380
600 0.000292
604 0.000465
608 0.001664
612 0.002588
616 0.001909
620 0.001175
624 0.000848
628 0.000647
632 0.000470
636 0.000234
640 0.000129
644 0.000140
648 0.000177
652 0.000173
656 0.000123
660 0.000110
664 0.000123
668 0.000116
672 0.000101
676 0.000101
680 0.000097
684 0.000093
688 0.000093
692 0.000070
696 0.000047
700 0.000049
704 0.000140
708 0.000245
712 0.000181
716 0.000070
720 0.000026
724 0.000012
728 0.000005
732 0.000006
736 0.000019
740 0.000010
744 0.000002
748 0.000013
752 0.000014
756 0.000010
760 0.000019
764 0.000017
768 0.000015
772 0.000021
776 0.000022
780 0.000007
