380 0.000013
384 0.000005
388 0.000001
392 0.000001
396 0.000003
400 0.000006
404 0.000005
408 0.000013
412 0.000026
416 0.000050
420 0.000085
424 0.000122
428 0.000192
432 0.000355
436 0.000543
440 0.000458
444 0.000366
448 0.000369
452 0.000364
456 0.000355
460 0.000323
464 0.000296
468 0.000254
472 0.000227
476 0.000199
480 0.000220
484 0.000318
488 0.000398
492 0.000369
496 0.000268
500 0.000168
504 0.000096
508 0.000060
512 0.000046
516 0.000034
520 0.000033
524 0.000023
528 0.000019
532 0.000029
536 0.000132
540 0.000506
544 0.000864
548 0.000625
552 0.000268
556 0.000092
560 0.000031
564 0.000012
568 0.000010
572 0.000035
576 0.000135
580 0.000371
584 0.000795
588 0.001055
592 0.000920
596 0.000662
600 0.000524
604 0.000821
608 0.002992
612 0.004694
616 0.003472
620 0.002139
624 0.001531
628 0.001168
632 0.000856
636 0.000419
640 0.000237
644 0.000252
648 0.000327
652 0.000326
656 0.000223
660 0.000201
664 0.000228
668 0.000218
672 0.000202
676 0.000188
680 0.000198
684 0.000188
688 0.000175
692 0.000145
696 0.000110
700 0.000107
704 0.000280
708 0.000468
712 0.000341
716 0.000127
720 0.000046
724 0.000024
728 0.000032
732 0.000018
736 0.000022
740 0.000007
744 0.000015
748 0.000026
752 0.000037
756 0.000003
760 0.000034
764 0.000040
768 0.000057
772 0.000009
776 0.000021
780 0.000014
