380 0.000000
384 0.000002
388 0.000000
392 0.000001
396 0.000001
400 0.000002
404 0.000005
408 0.000006
412 0.000011
416 0.000023
420 0.000049
424 0.000086
428 0.000137
432 0.000267
436 0.000414
440 0.000360
444 0.000298
448 0.000300
452 0.000306
456 0.000301
460 0.000278
464 0.000249
468 0.000219
472 0.000190
476 0.000168
480 0.000181
484 0.000250
488 0.000308
492 0.000280
496 0.000200
500 0.000122
504 0.000070
508 0.000044
512 0.000031
516 0.000024
520 0.000018
524 0.000014
528 0.000012
532 0.000020
536 0.000085
540 0.000322
544 0.000549
548 0.000394
552 0.000169
556 0.000058
560 0.000019
564 0.000009
568 0.000008
572 0.000015
576 0.000041
580 0.000071
584 0.000097
588 0.000100
592 0.000073
596 0.000045
600 0.000032
604 0.000043
608 0.000141
612 0.000216
616 0.000164
620 0.000107
624 0.000087
628 0.000076
632 0.000060
636 0.000035
640 0.000018
644 0.000014
648 0.000016
652 0.000014
656 0.000008
660 0.000009
664 0.000009
668 0.000009
672 0.000008
676 0.000007
680 0.000009
684 0.000008
688 0.000006
692 0.000006
696 0.000002
700 0.000003
704 0.000011
708 0.000020
712 0.000015
716 0.000006
720 0.000004
724 0.000001
728 0.000002
732 0.000000
736 0.000002
740 0.000001
744 0.000004
748 0.000003
752 0.000002
756 0.000000
760 0.000003
764 0.000006
768 0.000006
772 0.000008
776 0.000000
780 0.000002
