380 0.000013
384 0.000004
388 0.000001
392 0.000021
396 0.000011
400 0.000007
404 0.000027
408 0.000039
412 0.000057
416 0.000120
420 0.000292
424 0.000517
428 0.000844
432 0.001723
436 0.002721
440 0.002414
444 0.002059
448 0.002126
452 0.002209
456 0.002201
460 0.002068
464 0.001867
468 0.001644
472 0.001449
476 0.001294
480 0.001408
484 0.001925
488 0.002354
492 0.002124
496 0.001498
500 0.000918
504 0.000518
508 0.000318
512 0.000229
516 0.000174
520 0.000125
524 0.000097
528 0.000086
532 0.000135
536 0.000558
540 0.002142
544 0.003630
548 0.002581
552 0.001105
556 0.000387
560 0.000128
564 0.000056
568 0.000046
572 0.000101
576 0.000250
580 0.000407
584 0.000462
588 0.000392
592 0.000248
596 0.000126
600 0.000071
604 0.000062
608 0.000153
612 0.000218
616 0.000153
620 0.000094
624 0.000067
628 0.000061
632 0.000051
636 0.000029
640 0.000020
644 0.000015
648 0.000011
652 0.000012
656 0.000006
660 0.000001
664 0.000006
668 0.000008
672 0.000003
676 0.000001
680 0.000001
684 0.000001
688 0.000010
692 0.000007
696 0.000002
700 0.000011
704 0.000020
708 0.000016
712 0.000023
716 0.000016
720 0.000005
724 0.000014
728 0.000005
732 0.000001
736 0.000002
740 0.000007
744 0.000007
748 0.000003
752 0.000016
756 0.000010
760 0.000002
764 0.000003
768 0.000013
772 0.000010
776 0.000022
780 0.000012
