380 0.000005
384 0.000023
388 0.000004
392 0.000003
396 0.000010
400 0.000004
404 0.000015
408 0.000021
412 0.000041
416 0.000062
420 0.000137
424 0.000236
428 0.000363
432 0.000692
436 0.001063
440 0.000924
444 0.000750
448 0.000760
452 0.000760
456 0.000746
460 0.000688
464 0.000611
468 0.000527
472 0.000461
476 0.000406
480 0.000444
484 0.000623
488 0.000772
492 0.000703
496 0.000501
500 0.000311
504 0.000173
508 0.000109
512 0.000083
516 0.000060
520 0.000047
524 0.000036
528 0.000033
532 0.000049
536 0.000221
540 0.000829
544 0.001416
548 0.001022
552 0.000440
556 0.000155
560 0.000054
564 0.000026
568 0.000025
572 0.000051
576 0.000169
580 0.000434
584 0.000873
588 0.001131
592 0.000978
596 0.000687
600 0.000534
604 0.000842
608 0.003067
612 0.004814
616 0.003562
620 0.002188
624 0.001574
628 0.001198
632 0.000869
636 0.000428
640 0.000236
644 0.000264
648 0.000341
652 0.000333
656 0.000225
660 0.000217
664 0.000239
668 0.000227
672 0.000207
676 0.000205
680 0.000195
684 0.000186
688 0.000186
692 0.000145
696 0.000100
700 0.000109
704 0.000288
708 0.000483
712 0.000382
716 0.000137
720 0.000037
724 0.000010
728 0.000020
732 0.000020
736 0.000038
740 0.000034
744 0.000041
748 0.000036
752 0.000024
756 0.000008
760 0.000039
764 0.000053
768 0.000041
772 0.000052
776 0.000060
780 0.000061
