380 0.000008
384 0.000007
388 0.000006
392 0.000006
396 0.000001
400 0.000007
404 0.000018
408 0.000020
412 0.000031
416 0.000064
420 0.000141
424 0.000239
428 0.000375
432 0.000724
436 0.001124
440 0.000977
444 0.000802
448 0.000804
452 0.000822
456 0.000808
460 0.000746
464 0.000661
468 0.000578
472 0.000504
476 0.000446
480 0.000481
484 0.000659
488 0.000813
492 0.000741
496 0.000528
500 0.000323
504 0.000184
508 0.000115
512 0.000083
516 0.000063
520 0.000046
524 0.000034
528 0.000031
532 0.000051
536 0.000217
540 0.000823
544 0.001405
548 0.001008
552 0.000434
556 0.000151
560 0.000046
564 0.000021
568 0.000018
572 0.000043
576 0.000121
580 0.000249
584 0.000409
588 0.000478
592 0.000386
596 0.000258
600 0.000193
604 0.000289
608 0.001014
612 0.001577
616 0.001169
620 0.000721
624 0.000521
628 0.000398
632 0.000292
636 0.000146
640 0.000084
644 0.000086
648 0.000107
652 0.000102
656 0.000073
660 0.000063
664 0.000074
668 0.000070
672 0.000062
676 0.000055
680 0.000060
684 0.000057
688 0.000057
692 0.000042
696 0.000031
700 0.000031
704 0.000084
708 0.000148
712 0.000113
716 0.000044
720 0.000013
724 0.000007
728 0.000007
732 0.000006
736 0.000004
740 0.000005
744 0.000007
748 0.000010
752 0.000011
756 0.000003
760 0.000018
764 0.000018
768 0.000017
772 0.000004
776 0.000014
780 0.000013
