380 0.000002
384 0.000002
388 0.000007
392 0.000001
396 0.000002
400 0.000008
404 0.000015
408 0.000007
412 0.000018
416 0.000045
420 0.000076
424 0.000126
428 0.000186
432 0.000348
436 0.000512
440 0.000437
444 0.000343
448 0.000349
452 0.000339
456 0.000339
460 0.000309
464 0.000278
468 0.000238
472 0.000211
476 0.000195
480 0.000221
484 0.000315
488 0.000399
492 0.000380
496 0.000277
500 0.000175
504 0.000102
508 0.000065
512 0.000047
516 0.000041
520 0.000028
524 0.000025
528 0.000018
532 0.000034
536 0.000144
540 0.000562
544 0.000957
548 0.000690
552 0.000301
556 0.000108
560 0.000033
564 0.000009
568 0.000018
572 0.000037
576 0.000141
580 0.000381
584 0.000830
588 0.001085
592 0.000944
596 0.000669
600 0.000527
604 0.000836
608 0.003063
612 0.004809
616 0.003562
620 0.002184
624 0.001571
628 0.001208
632 0.000872
636 0.000432
640 0.000231
644 0.000262
648 0.000332
652 0.000335
656 0.000228
660 0.000220
664 0.000230
668 0.000228
672 0.000197
676 0.000197
680 0.000200
684 0.000198
688 0.000187
692 0.000150
696 0.000097
700 0.000096
704 0.000279
708 0.000479
712 0.000355
716 0.000133
720 0.000047
724 0.000024
728 0.000015
732 0.000008
736 0.000010
740 0.000015
744 0.000021
748 0.000020
752 0.000017
756 0.000024
760 0.000023
764 0.000042
768 0.000021
772 0.000041
776 0.000004
780 0.000004
