380 0.000003
384 0.000003
388 0.000001
392 0.000004
396 0.000000
400 0.000004
404 0.000011
408 0.000012
412 0.000018
416 0.000039
420 0.000077
424 0.000131
428 0.000202
432 0.000384
436 0.000589
440 0.000507
444 0.000414
448 0.000413
452 0.000419
456 0.000411
460 0.000380
464 0.000337
468 0.000295
472 0.000257
476 0.000224
480 0.000239
484 0.000324
488 0.000395
492 0.000355
496 0.000249
500 0.000152
504 0.000085
508 0.000053
512 0.000039
516 0.000028
520 0.000020
524 0.000015
528 0.000013
532 0.000022
536 0.000095
540 0.000360
544 0.000611
548 0.000438
552 0.000188
556 0.000065
560 0.000023
564 0.000010
568 0.000008
572 0.000020
576 0.000064
580 0.000149
584 0.000278
588 0.000345
592 0.000291
596 0.000201
600 0.000152
604 0.000239
608 0.000846
612 0.001315
616 0.000976
620 0.000608
624 0.000439
628 0.000338
632 0.000249
636 0.000127
640 0.000071
644 0.000073
648 0.000091
652 0.000089
656 0.000061
660 0.000055
664 0.000061
668 0.000060
672 0.000051
676 0.000048
680 0.000051
684 0.000047
688 0.000047
692 0.000038
696 0.000025
700 0.000025
704 0.000068
708 0.000122
712 0.000091
716 0.000035
720 0.000009
724 0.000003
728 0.000005
732 0.000006
736 0.000003
740 0.000007
744 0.000007
748 0.000007
752 0.000017
756 0.000006
760 0.000015
764 0.000025
768 0.000009
772 0.000015
776 0.000016
780 0.000012
