380 0.000003
384 0.000001
388 0.000000
392 0.000000
396 0.000000
400 0.000002
404 0.000005
408 0.000006
412 0.000010
416 0.000022
420 0.000048
424 0.000084
428 0.000136
432 0.000266
436 0.000413
440 0.000360
444 0.000298
448 0.000300
452 0.000306
456 0.000301
460 0.000278
464 0.000249
468 0.000218
472 0.000189
476 0.000169
480 0.000185
484 0.000255
488 0.000316
492 0.000289
496 0.000206
500 0.000125
504 0.000072
508 0.000045
512 0.000033
516 0.000025
520 0.000018
524 0.000014
528 0.000013
532 0.000022
536 0.000091
540 0.000347
544 0.000589
548 0.000422
552 0.000182
556 0.000063
560 0.000020
564 0.000008
568 0.000006
572 0.000015
576 0.000041
580 0.000070
584 0.000089
588 0.000085
592 0.000059
596 0.000034
600 0.000023
604 0.000028
608 0.000087
612 0.000132
616 0.000101
620 0.000068
624 0.000059
628 0.000055
632 0.000045
636 0.000028
640 0.000015
644 0.000009
648 0.000009
652 0.000008
656 0.000004
660 0.000004
664 0.000005
668 0.000005
672 0.000005
676 0.000005
680 0.000003
684 0.000004
688 0.000005
692 0.000003
696 0.000002
700 0.000002
704 0.000008
708 0.000013
712 0.000009
716 0.000002
720 0.000001
724 0.000000
728 0.000000
732 0.000000
736 0.000000
740 0.000001
744 0.000003
748 0.000002
752 0.000003
756 0.000001
760 0.000006
764 0.000007
768 0.000001
772 0.000007
776 0.000006
780 0.000002
