380 0.000000
384 0.000002
388 0.000000
392 0.000000
396 0.000001
400 0.000003
404 0.000006
408 0.000009
412 0.000011
416 0.000024
420 0.000047
424 0.000084
428 0.000133
432 0.000260
436 0.000404
440 0.000353
444 0.000291
448 0.000293
452 0.000300
456 0.000294
460 0.000273
464 0.000243
468 0.000214
472 0.000186
476 0.000166
480 0.000178
484 0.000246
488 0.000303
492 0.000278
496 0.000198
500 0.000121
504 0.000069
508 0.000044
512 0.000032
516 0.000025
520 0.000018
524 0.000013
528 0.000012
532 0.000020
536 0.000085
540 0.000325
544 0.000556
548 0.000398
552 0.000172
556 0.000059
560 0.000018
564 0.000007
568 0.000008
572 0.000015
576 0.000041
580 0.000071
584 0.000096
588 0.000096
592 0.000071
596 0.000044
600 0.000030
604 0.000041
608 0.000129
612 0.000201
616 0.000152
620 0.000101
624 0.000081
628 0.000073
632 0.000059
636 0.000035
640 0.000016
644 0.000013
648 0.000014
652 0.000014
656 0.000009
660 0.000008
664 0.000008
668 0.000008
672 0.000006
676 0.000007
680 0.000007
684 0.000007
688 0.000007
692 0.000007
696 0.000004
700 0.000004
704 0.000011
708 0.000018
712 0.000014
716 0.000004
720 0.000001
724 0.000000
728 0.000000
732 0.000000
736 0.000000
740 0.000001
744 0.000002
748 0.000002
752 0.000001
756 0.000001
760 0.000005
764 0.000005
768 0.000002
772 0.000007
776 0.000004
780 0.000002
