380 0.000007
384 0.000003
388 0.000001
392 0.000002
396 0.000008
400 0.000008
404 0.000016
408 0.000022
412 0.000024
416 0.000052
420 0.000114
424 0.000193
428 0.000298
432 0.000567
436 0.000874
440 0.000749
444 0.000612
448 0.000615
452 0.000622
456 0.000611
460 0.000563
464 0.000500
468 0.000436
472 0.000379
476 0.000334
480 0.000363
484 0.000500
488 0.000618
492 0.000565
496 0.000402
500 0.000245
504 0.000139
508 0.000088
512 0.000065
516 0.000050
520 0.000035
524 0.000025
528 0.000024
532 0.000040
536 0.000166
540 0.000635
544 0.001086
548 0.000777
552 0.000335
556 0.000117
560 0.000039
564 0.000016
568 0.000014
572 0.000035
576 0.000108
580 0.000249
584 0.000454
588 0.000560
592 0.000469
596 0.000324
600 0.000244
604 0.000382
608 0.001363
612 0.002120
616 0.001567
620 0.000965
624 0.000695
628 0.000531
632 0.000387
636 0.000192
640 0.000106
644 0.000114
648 0.000143
652 0.000140
656 0.000097
660 0.000091
664 0.000099
668 0.000094
672 0.000084
676 0.000082
680 0.000084
684 0.000077
688 0.000075
692 0.000059
696 0.000039
700 0.000040
704 0.000113
708 0.000197
712 0.000151
716 0.000054
720 0.000015
724 0.000009
728 0.000010
732 0.000013
736 0.000018
740 0.000008
744 0.000016
748 0.000020
752 0.000016
756 0.000007
760 0.000017
764 0.000034
768 0.000022
772 0.000018
776 0.000023
780 0.000013
