380 0.000028
384 0.000011
388 0.000004
392 0.000004
396 0.000003
400 0.000013
404 0.000032
408 0.000032
412 0.000043
416 0.000093
420 0.000236
424 0.000420
428 0.000684
432 0.001351
436 0.002144
440 0.001897
444 0.001597
448 0.001646
452 0.001708
456 0.001715
460 0.001611
464 0.001449
468 0.001276
472 0.001132
476 0.001042
480 0.001218
484 0.001803
488 0.002319
492 0.002195
496 0.001632
500 0.001044
504 0.000625
508 0.000406
512 0.000307
516 0.000237
520 0.000178
524 0.000141
528 0.000128
532 0.000232
536 0.001017
540 0.003971
544 0.006881
548 0.004947
552 0.002119
556 0.000740
560 0.000250
564 0.000115
568 0.000095
572 0.000206
576 0.000563
580 0.001045
584 0.001484
588 0.001557
592 0.001180
596 0.000738
600 0.000521
604 0.000729
608 0.002512
612 0.003926
616 0.002884
620 0.001725
624 0.001239
628 0.000941
632 0.000692
636 0.000348
640 0.000193
644 0.000218
648 0.000267
652 0.000265
656 0.000186
660 0.000164
664 0.000184
668 0.000177
672 0.000167
676 0.000153
680 0.000171
684 0.000152
688 0.000148
692 0.000115
696 0.000088
700 0.000102
704 0.000240
708 0.000402
712 0.000301
716 0.000117
720 0.000023
724 0.000035
728 0.000030
732 0.000007
736 0.000015
740 0.000022
744 0.000015
748 0.000010
752 0.000003
756 0.000012
760 0.000042
764 0.000013
768 0.000028
772 0.000030
776 0.000047
780 0.000021
