380 0.000008
384 0.000012
388 0.000003
392 0.000010
396 0.000005
400 0.000018
404 0.000028
408 0.000036
412 0.000050
416 0.000111
420 0.000229
424 0.000415
428 0.000653
432 0.001275
436 0.001992
440 0.001748
444 0.001449
448 0.001467
452 0.001504
456 0.001484
460 0.001378
464 0.001226
468 0.001068
472 0.000936
476 0.000827
480 0.000887
484 0.001197
488 0.001452
492 0.001305
496 0.000921
500 0.000561
504 0.000316
508 0.000196
512 0.000138
516 0.000103
520 0.000075
524 0.000059
528 0.000050
532 0.000081
536 0.000334
540 0.001279
544 0.002176
548 0.001555
552 0.000668
556 0.000234
560 0.000073
564 0.000036
568 0.000027
572 0.000065
576 0.000182
580 0.000368
584 0.000591
588 0.000685
592 0.000549
596 0.000366
600 0.000268
604 0.000403
608 0.001414
612 0.002204
616 0.001624
620 0.000998
624 0.000714
628 0.000544
632 0.000394
636 0.000199
640 0.000110
644 0.000122
648 0.000149
652 0.000147
656 0.000101
660 0.000084
664 0.000098
668 0.000096
672 0.000085
676 0.000089
680 0.000086
684 0.000082
688 0.000081
692 0.000063
696 0.000040
700 0.000041
704 0.000116
708 0.000209
712 0.000158
716 0.000059
720 0.000017
724 0.000008
728 0.000010
732 0.000011
736 0.000013
740 0.000009
744 0.000017
748 0.000014
752 0.000008
756 0.000005
760 0.000025
764 0.000032
768 0.000020
772 0.000013
776 0.000007
780 0.000019
