380 0.000007
384 0.000012
388 0.000002
392 0.000008
396 0.000007
400 0.000012
404 0.000027
408 0.000033
412 0.000049
416 0.000103
420 0.000222
424 0.000395
428 0.000633
432 0.001258
436 0.001978
440 0.001734
444 0.001447
448 0.001471
452 0.001507
456 0.001491
460 0.001387
464 0.001235
468 0.001081
472 0.000944
476 0.000842
480 0.000916
484 0.001258
488 0.001549
492 0.001408
496 0.001001
500 0.000613
504 0.000346
508 0.000216
512 0.000156
516 0.000119
520 0.000088
524 0.000067
528 0.000060
532 0.000098
536 0.000413
540 0.001577
544 0.002671
548 0.001907
552 0.000818
556 0.000285
560 0.000092
564 0.000039
568 0.000033
572 0.000073
576 0.000187
580 0.000321
584 0.000395
588 0.000368
592 0.000254
596 0.000144
600 0.000093
604 0.000111
608 0.000336
612 0.000512
616 0.000374
620 0.000227
624 0.000169
628 0.000134
632 0.000103
636 0.000055
640 0.000029
644 0.000030
648 0.000032
652 0.000031
656 0.000020
660 0.000017
664 0.000021
668 0.000020
672 0.000016
676 0.000016
680 0.000019
684 0.000016
688 0.000014
692 0.000012
696 0.000013
700 0.000012
704 0.000032
708 0.000051
712 0.000044
716 0.000020
720 0.000004
724 0.000004
728 0.000013
732 0.000012
736 0.000005
740 0.000012
744 0.000003
748 0.000002
752 0.000002
756 0.000004
760 0.000014
764 0.000007
768 0.000007
772 0.000002
776 0.000003
780 0.000003
