380 0.000009
384 0.000002
388 0.000007
392 0.000005
396 0.000002
400 0.000008
404 0.000013
408 0.000012
412 0.000019
416 0.000029
420 0.000051
424 0.000087
428 0.000125
432 0.000225
436 0.000344
440 0.000295
444 0.000235
448 0.000231
452 0.000233
456 0.000226
460 0.000208
464 0.000186
468 0.000163
472 0.000147
476 0.000144
480 0.000189
484 0.000311
488 0.000433
492 0.000432
496 0.000334
500 0.000216
504 0.000129
508 0.000086
512 0.000065
516 0.000054
520 0.000043
524 0.000032
528 0.000031
532 0.000055
536 0.000229
540 0.000896
544 0.001555
548 0.001126
552 0.000488
556 0.000170
560 0.000055
564 0.000025
568 0.000022
572 0.000048
576 0.000136
580 0.000282
584 0.000476
588 0.000561
592 0.000458
596 0.000307
600 0.000225
604 0.000340
608 0.001192
612 0.001877
616 0.001392
620 0.000854
624 0.000608
628 0.000458
632 0.000334
636 0.000166
640 0.000090
644 0.000098
648 0.000126
652 0.000123
656 0.000084
660 0.000075
664 0.000088
668 0.000083
672 0.000074
676 0.000073
680 0.000074
684 0.000066
688 0.000065
692 0.000049
696 0.000032
700 0.000032
704 0.000098
708 0.000179
712 0.000132
716 0.000046
720 0.000015
724 0.000008
728 0.000008
732 0.000004
736 0.000004
740 0.000006
744 0.000010
748 0.000015
752 0.000012
756 0.000010
760 0.000020
764 0.000018
768 0.000013
772 0.000013
776 0.000018
780 0.000021
