380 0.000004
384 0.000005
388 0.000008
392 0.000006
396 0.000009
400 0.000009
404 0.000014
408 0.000019
412 0.000023
416 0.000045
420 0.000094
424 0.000157
428 0.000244
432 0.000472
436 0.000738
440 0.000645
444 0.000527
448 0.000527
452 0.000538
456 0.000526
460 0.000485
464 0.000432
468 0.000378
472 0.000334
476 0.000308
480 0.000353
484 0.000522
488 0.000681
492 0.000649
496 0.000481
500 0.000304
504 0.000179
508 0.000117
512 0.000088
516 0.000067
520 0.000049
524 0.000039
528 0.000038
532 0.000062
536 0.000263
540 0.001024
544 0.001781
548 0.001289
552 0.000558
556 0.000194
560 0.000061
564 0.000028
568 0.000024
572 0.000052
576 0.000138
580 0.000256
584 0.000374
588 0.000402
592 0.000309
596 0.000197
600 0.000140
604 0.000197
608 0.000668
612 0.001049
616 0.000777
620 0.000475
624 0.000338
628 0.000259
632 0.000192
636 0.000098
640 0.000053
644 0.000056
648 0.000068
652 0.000069
656 0.000049
660 0.000044
664 0.000048
668 0.000046
672 0.000039
676 0.000038
680 0.000037
684 0.000037
688 0.000036
692 0.000030
696 0.000022
700 0.000023
704 0.000055
708 0.000095
712 0.000074
716 0.000025
720 0.000003
724 0.000002
728 0.000007
732 0.000004
736 0.000009
740 0.000003
744 0.000009
748 0.000002
752 0.000002
756 0.000001
760 0.000004
764 0.000015
768 0.000010
772 0.000005
776 0.000001
780 0.000011
