380 0.000005
384 0.000003
388 0.000000
392 0.000000
396 0.000000
400 0.000000
404 0.000002
408 0.000003
412 0.000003
416 0.000010
420 0.000022
424 0.000039
428 0.000063
432 0.000120
436 0.000188
440 0.000165
444 0.000135
448 0.000137
452 0.000140
456 0.000138
460 0.000128
464 0.000115
468 0.000102
472 0.000092
476 0.000086
480 0.000107
484 0.000170
488 0.000231
492 0.000227
496 0.000174
500 0.000111
504 0.000066
508 0.000044
512 0.000033
516 0.000027
520 0.000020
524 0.000016
528 0.000015
532 0.000024
536 0.000109
540 0.000430
544 0.000749
548 0.000543
552 0.000235
556 0.000082
560 0.000026
564 0.000011
568 0.000009
572 0.000020
576 0.000050
580 0.000085
584 0.000105
588 0.000096
592 0.000065
596 0.000036
600 0.000022
604 0.000023
608 0.000069
612 0.000105
616 0.000079
620 0.000050
624 0.000041
628 0.000035
632 0.000027
636 0.000016
640 0.000008
644 0.000006
648 0.000006
652 0.000006
656 0.000004
660 0.000004
664 0.000004
668 0.000004
672 0.000004
676 0.000004
680 0.000004
684 0.000005
688 0.000005
692 0.000002
696 0.000003
700 0.000003
704 0.000006
708 0.000010
712 0.000006
716 0.000002
720 0.000000
724 0.000000
728 0.000000
732 0.000001
736 0.000001
740 0.000000
744 0.000000
748 0.000000
752 0.000000
756 0.000001
760 0.000003
764 0.000005
768 0.000004
772 0.000003
776 0.000005
780 0.000001
