380 0.000035
384 0.000039
388 0.000005
392 0.000007
396 0.000023
400 0.000012
404 0.000030
408 0.000049
412 0.000075
416 0.000127
420 0.000286
424 0.000501
428 0.000803
432 0.001613
436 0.002561
440 0.002265
444 0.001903
448 0.001958
452 0.002029
456 0.002019
460 0.001897
464 0.001713
468 0.001518
472 0.001341
476 0.001239
480 0.001442
484 0.002144
488 0.002775
492 0.002628
496 0.001947
500 0.001248
504 0.000740
508 0.000483
512 0.000360
516 0.000284
520 0.000212
524 0.000167
528 0.000152
532 0.000269
536 0.001210
540 0.004770
544 0.008258
548 0.005930
552 0.002553
556 0.000901
560 0.000290
564 0.000140
568 0.000127
572 0.000262
576 0.000678
580 0.001253
584 0.001792
588 0.001893
592 0.001431
596 0.000897
600 0.000624
604 0.000871
608 0.003031
612 0.004757
616 0.003487
620 0.002090
624 0.001481
628 0.001122
632 0.000808
636 0.000387
640 0.000223
644 0.000254
648 0.000305
652 0.000313
656 0.000216
660 0.000194
664 0.000227
668 0.000218
672 0.000206
676 0.000189
680 0.000194
684 0.000179
688 0.000176
692 0.000159
696 0.000100
700 0.000112
704 0.000310
708 0.000511
712 0.000370
716 0.000131
720 0.000027
724 0.000007
728 0.000012
732 0.000011
736 0.000020
740 0.000041
744 0.000028
748 0.000034
752 0.000028
756 0.000015
760 0.000063
764 0.000090
768 0.000048
772 0.000030
776 0.000012
780 0.000015
