380 0.000008
384 0.000002
388 0.000001
392 0.000001
396 0.000002
400 0.000005
404 0.000007
408 0.000008
412 0.000011
416 0.000030
420 0.000056
424 0.000080
428 0.000120
432 0.000214
436 0.000320
440 0.000275
444 0.000209
448 0.000207
452 0.000205
456 0.000203
460 0.000182
464 0.000160
468 0.000142
472 0.000130
476 0.000139
480 0.000206
484 0.000365
488 0.000525
492 0.000542
496 0.000428
500 0.000284
504 0.000174
508 0.000118
512 0.000089
516 0.000076
520 0.000060
524 0.000048
528 0.000043
532 0.000074
536 0.000325
540 0.001283
544 0.002230
548 0.001614
552 0.000698
556 0.000247
560 0.000076
564 0.000035
568 0.000033
572 0.000073
576 0.000205
580 0.000439
584 0.000759
588 0.000914
592 0.000758
596 0.000515
600 0.000385
604 0.000576
608 0.002071
612 0.003281
616 0.002432
620 0.001483
624 0.001058
628 0.000799
632 0.000581
636 0.000285
640 0.000157
644 0.000170
648 0.000219
652 0.000221
656 0.000154
660 0.000133
664 0.000155
668 0.000148
672 0.000128
676 0.000130
680 0.000128
684 0.000119
688 0.000119
692 0.000091
696 0.000066
700 0.000061
704 0.000173
708 0.000313
712 0.000236
716 0.000088
720 0.000022
724 0.000016
728 0.000017
732 0.000016
736 0.000021
740 0.000026
744 0.000025
748 0.000024
752 0.000017
756 0.000002
760 0.000015
764 0.000028
768 0.000010
772 0.000030
776 0.000029
780 0.000024
