380 0.000002
384 0.000006
388 0.000007
392 0.000003
396 0.000002
400 0.000010
404 0.000014
408 0.000008
412 0.000019
416 0.000054
420 0.000104
424 0.000182
428 0.000298
432 0.000589
436 0.000925
440 0.000815
444 0.000665
448 0.000666
452 0.000686
456 0.000667
460 0.000615
464 0.000554
468 0.000483
472 0.000437
476 0.000411
480 0.000504
484 0.000790
488 0.001059
492 0.001034
496 0.000783
500 0.000509
504 0.000300
508 0.000197
512 0.000151
516 0.000120
520 0.000092
524 0.000073
528 0.000066
532 0.000114
536 0.000497
540 0.001954
544 0.003394
548 0.002453
552 0.001061
556 0.000376
560 0.000116
564 0.000053
568 0.000043
572 0.000089
576 0.000237
580 0.000401
584 0.000473
588 0.000420
592 0.000277
596 0.000151
600 0.000090
604 0.000093
608 0.000271
612 0.000409
616 0.000294
620 0.000170
624 0.000122
628 0.000098
632 0.000074
636 0.000038
640 0.000018
644 0.000018
648 0.000025
652 0.000024
656 0.000012
660 0.000018
664 0.000011
668 0.000012
672 0.000012
676 0.000016
680 0.000004
684 0.000003
688 0.000012
692 0.000009
696 0.000003
700 0.000011
704 0.000030
708 0.000043
712 0.000028
716 0.000011
720 0.000005
724 0.000002
728 0.000001
732 0.000001
736 0.000001
740 0.000007
744 0.000002
748 0.000003
752 0.000009
756 0.000020
760 0.000031
764 0.000028
768 0.000004
772 0.000007
776 0.000023
780 0.000025
