380 0.000001
384 0.000001
388 0.000001
392 0.000001
396 0.000000
400 0.000000
404 0.000001
408 0.000003
412 0.000005
416 0.000011
420 0.000025
424 0.000043
428 0.000069
432 0.000134
436 0.000209
440 0.000183
444 0.000150
448 0.000152
452 0.000154
456 0.000151
460 0.000141
464 0.000127
468 0.000112
472 0.000099
476 0.000092
480 0.000112
484 0.000174
488 0.000233
492 0.000227
496 0.000171
500 0.000110
504 0.000065
508 0.000043
512 0.000032
516 0.000025
520 0.000019
524 0.000016
528 0.000014
532 0.000023
536 0.000102
540 0.000402
544 0.000702
548 0.000510
552 0.000221
556 0.000077
560 0.000024
564 0.000011
568 0.000009
572 0.000018
576 0.000048
580 0.000083
584 0.000105
588 0.000101
592 0.000070
596 0.000040
600 0.000026
604 0.000031
608 0.000093
612 0.000144
616 0.000108
620 0.000068
624 0.000053
628 0.000044
632 0.000034
636 0.000019
640 0.000010
644 0.000008
648 0.000009
652 0.000007
656 0.000007
660 0.000005
664 0.000005
668 0.000006
672 0.000005
676 0.000006
680 0.000006
684 0.000002
688 0.000004
692 0.000003
696 0.000002
700 0.000003
704 0.000008
708 0.000014
712 0.000011
716 0.000004
720 0.000000
724 0.000001
728 0.000001
732 0.000000
736 0.000000
740 0.000002
744 0.000000
748 0.000001
752 0.000001
756 0.000004
760 0.000006
764 0.000009
768 0.000005
772 0.000004
776 0.000006
780 0.000003
