380 0.000003
384 0.000001
388 0.000002
392 0.000000
396 0.000001
400 0.000004
404 0.000010
408 0.000011
412 0.000018
416 0.000039
420 0.000078
424 0.000131
428 0.000198
432 0.000371
436 0.000571
440 0.000494
444 0.000402
448 0.000398
452 0.000403
456 0.000394
460 0.000364
464 0.000325
468 0.000284
472 0.000250
476 0.000231
480 0.000274
484 0.000415
488 0.000546
492 0.000525
496 0.000396
500 0.000250
504 0.000145
508 0.000096
512 0.000073
516 0.000055
520 0.000042
524 0.000034
528 0.000032
532 0.000053
536 0.000227
540 0.000890
544 0.001548
548 0.001120
552 0.000485
556 0.000169
560 0.000055
564 0.000023
568 0.000022
572 0.000046
576 0.000128
580 0.000262
584 0.000423
588 0.000490
592 0.000396
596 0.000263
600 0.000193
604 0.000285
608 0.000995
612 0.001565
616 0.001163
620 0.000714
624 0.000508
628 0.000381
632 0.000278
636 0.000138
640 0.000076
644 0.000080
648 0.000102
652 0.000102
656 0.000070
660 0.000060
664 0.000072
668 0.000071
672 0.000061
676 0.000057
680 0.000058
684 0.000056
688 0.000054
692 0.000043
696 0.000030
700 0.000029
704 0.000081
708 0.000146
712 0.000112
716 0.000045
720 0.000014
724 0.000009
728 0.000006
732 0.000004
736 0.000002
740 0.000004
744 0.000012
748 0.000010
752 0.000004
756 0.000003
760 0.000003
764 0.000011
768 0.000011
772 0.000009
776 0.000003
780 0.000001
