380 0.000001
384 0.000000
388 0.000001
392 0.000002
396 0.000001
400 0.000002
404 0.000005
408 0.000008
412 0.000012
416 0.000025
420 0.000049
424 0.000084
428 0.000129
432 0.000246
436 0.000379
440 0.000329
444 0.000269
448 0.000268
452 0.000272
456 0.000267
460 0.000246
464 0.000221
468 0.000195
472 0.000171
476 0.000159
480 0.000188
484 0.000286
488 0.000378
492 0.000364
496 0.000272
500 0.000173
504 0.000103
508 0.000068
512 0.000051
516 0.000040
520 0.000031
524 0.000024
528 0.000022
532 0.000037
536 0.000157
540 0.000613
544 0.001066
548 0.000773
552 0.000334
556 0.000117
560 0.000038
564 0.000016
568 0.000014
572 0.000031
576 0.000083
580 0.000157
584 0.000236
588 0.000258
592 0.000201
596 0.000130
600 0.000092
604 0.000132
608 0.000450
612 0.000708
616 0.000528
620 0.000326
624 0.000233
628 0.000179
632 0.000133
636 0.000069
640 0.000037
644 0.000038
648 0.000046
652 0.000047
656 0.000030
660 0.000027
664 0.000031
668 0.000032
672 0.000029
676 0.000025
680 0.000023
684 0.000025
688 0.000025
692 0.000020
696 0.000015
700 0.000013
704 0.000037
708 0.000064
712 0.000048
716 0.000021
720 0.000005
724 0.000005
728 0.000007
732 0.000006
736 0.000007
740 0.000008
744 0.000007
748 0.000007
752 0.000010
756 0.000004
760 0.000008
764 0.000010
768 0.000006
772 0.000011
776 0.000005
780 0.000001
