380 0.000007
384 0.000004
388 0.000002
392 0.000015
396 0.000013
400 0.000014
404 0.000023
408 0.000037
412 0.000047
416 0.000093
420 0.000190
424 0.000321
428 0.000513
432 0.001014
436 0.001605
440 0.001419
444 0.001177
448 0.001193
452 0.001221
456 0.001215
460 0.001122
464 0.000994
468 0.000869
472 0.000772
476 0.000710
480 0.000851
484 0.001283
488 0.001677
492 0.001607
496 0.001204
500 0.000771
504 0.000457
508 0.000294
512 0.000225
516 0.000177
520 0.000134
524 0.000104
528 0.000098
532 0.000162
536 0.000714
540 0.002817
544 0.004884
548 0.003518
552 0.001519
556 0.000532
560 0.000171
564 0.000074
568 0.000057
572 0.000129
576 0.000339
580 0.000562
584 0.000645
588 0.000552
592 0.000346
596 0.000170
600 0.000097
604 0.000081
608 0.000189
612 0.000273
616 0.000184
620 0.000098
624 0.000066
628 0.000056
632 0.000046
636 0.000033
640 0.000011
644 0.000008
648 0.000005
652 0.000008
656 0.000010
660 0.000009
664 0.000014
668 0.000008
672 0.000007
676 0.000019
680 0.000006
684 0.000005
688 0.000008
692 0.000008
696 0.000006
700 0.000001
704 0.000014
708 0.000037
712 0.000023
716 0.000014
720 0.000004
724 0.000003
728 0.000007
732 0.000002
736 0.000002
740 0.000010
744 0.000024
748 0.000018
752 0.000013
756 0.000005
760 0.000018
764 0.000030
768 0.000022
772 0.000030
776 0.000020
780 0.000014
