380 0.000002
384 0.000001
388 0.000000
392 0.000000
396 0.000001
400 0.000002
404 0.000004
408 0.000004
412 0.000007
416 0.000013
420 0.000029
424 0.000049
428 0.000077
432 0.000149
436 0.000233
440 0.000204
444 0.000168
448 0.000169
452 0.000171
456 0.000168
460 0.000155
464 0.000140
468 0.000123
472 0.000109
476 0.000102
480 0.000121
484 0.000185
488 0.000245
492 0.000237
496 0.000177
500 0.000113
504 0.000066
508 0.000043
512 0.000031
516 0.000025
520 0.000020
524 0.000016
528 0.000015
532 0.000024
536 0.000104
540 0.000406
544 0.000705
548 0.000511
552 0.000221
556 0.000076
560 0.000024
564 0.000010
568 0.000009
572 0.000018
576 0.000049
580 0.000084
584 0.000105
588 0.000100
592 0.000070
596 0.000040
600 0.000025
604 0.000031
608 0.000095
612 0.000148
616 0.000111
620 0.000070
624 0.000053
628 0.000045
632 0.000036
636 0.000020
640 0.000010
644 0.000009
648 0.000009
652 0.000008
656 0.000006
660 0.000005
664 0.000005
668 0.000005
672 0.000005
676 0.000006
680 0.000006
684 0.000006
688 0.000006
692 0.000003
696 0.000003
700 0.000004
704 0.000008
708 0.000016
712 0.000012
716 0.000003
720 0.000000
724 0.000000
728 0.000000
732 0.000002
736 0.000001
740 0.000001
744 0.000003
748 0.000001
752 0.000002
756 0.000000
760 0.000002
764 0.000004
768 0.000006
772 0.000005
776 0.000004
780 0.000001
