380 0.000007
384 0.000002
388 0.000001
392 0.000001
396 0.000003
400 0.000012
404 0.000019
408 0.000017
412 0.000026
416 0.000048
420 0.000100
424 0.000160
428 0.000233
432 0.000422
436 0.000648
440 0.000559
444 0.000447
448 0.000452
452 0.000456
456 0.000440
460 0.000405
464 0.000359
468 0.000314
472 0.000282
476 0.000277
480 0.000363
484 0.000603
488 0.000834
492 0.000828
496 0.000643
500 0.000423
504 0.000258
508 0.000171
512 0.000130
516 0.000104
520 0.000082
524 0.000061
528 0.000059
532 0.000103
536 0.000446
540 0.001758
544 0.003065
548 0.002217
552 0.000958
556 0.000334
560 0.000102
564 0.000046
568 0.000043
572 0.000095
576 0.000281
580 0.000605
584 0.001053
588 0.001265
592 0.001045
596 0.000714
600 0.000534
604 0.000803
608 0.002914
612 0.004629
616 0.003431
620 0.002085
624 0.001485
628 0.001126
632 0.000817
636 0.000411
640 0.000226
644 0.000247
648 0.000313
652 0.000320
656 0.000220
660 0.000200
664 0.000229
668 0.000211
672 0.000179
676 0.000181
680 0.000194
684 0.000171
688 0.000169
692 0.000132
696 0.000095
700 0.000090
704 0.000264
708 0.000459
712 0.000345
716 0.000126
720 0.000037
724 0.000015
728 0.000023
732 0.000033
736 0.000024
740 0.000014
744 0.000044
748 0.000042
752 0.000039
756 0.000019
760 0.000050
764 0.000038
768 0.000007
772 0.000028
776 0.000011
780 0.000003
