380 0.000001
384 0.000002
388 0.000000
392 0.000001
396 0.000002
400 0.000004
404 0.000008
408 0.000009
412 0.000016
416 0.000028
420 0.000052
424 0.000088
428 0.000138
432 0.000259
436 0.000398
440 0.000344
444 0.000280
448 0.000280
452 0.000282
456 0.000277
460 0.000255
464 0.000227
468 0.000199
472 0.000175
476 0.000161
480 0.000184
484 0.000270
488 0.000350
492 0.000332
496 0.000245
500 0.000153
504 0.000090
508 0.000058
512 0.000044
516 0.000035
520 0.000026
524 0.000020
528 0.000017
532 0.000029
536 0.000130
540 0.000507
544 0.000882
548 0.000639
552 0.000277
556 0.000097
560 0.000030
564 0.000013
568 0.000011
572 0.000026
576 0.000076
580 0.000157
584 0.000260
588 0.000304
592 0.000247
596 0.000166
600 0.000122
604 0.000180
608 0.000634
612 0.000998
616 0.000745
620 0.000461
624 0.000329
628 0.000250
632 0.000184
636 0.000093
640 0.000050
644 0.000052
648 0.000065
652 0.000065
656 0.000044
660 0.000039
664 0.000045
668 0.000044
672 0.000038
676 0.000037
680 0.000039
684 0.000036
688 0.000034
692 0.000029
696 0.000018
700 0.000019
704 0.000053
708 0.000094
712 0.000070
716 0.000025
720 0.000007
724 0.000007
728 0.000002
732 0.000004
736 0.000004
740 0.000006
744 0.000004
748 0.000006
752 0.000006
756 0.000004
760 0.000008
764 0.000016
768 0.000006
772 0.000007
776 0.000002
780 0.000001
