380 0.000006
384 0.000001
388 0.000001
392 0.000005
396 0.000005
400 0.000005
404 0.000017
408 0.000028
412 0.000035
416 0.000076
420 0.000172
424 0.000292
428 0.000457
432 0.000888
436 0.001394
440 0.001219
444 0.001006
448 0.001013
452 0.001036
456 0.001020
460 0.000943
464 0.000835
468 0.000730
472 0.000639
476 0.000577
480 0.000649
484 0.000925
488 0.001173
492 0.001100
496 0.000804
500 0.000503
504 0.000291
508 0.000185
512 0.000137
516 0.000105
520 0.000077
524 0.000058
528 0.000054
532 0.000093
536 0.000388
540 0.001515
544 0.002633
548 0.001901
552 0.000823
556 0.000287
560 0.000089
564 0.000041
568 0.000035
572 0.000075
576 0.000200
580 0.000367
584 0.000525
588 0.000553
592 0.000421
596 0.000265
600 0.000187
604 0.000254
608 0.000870
612 0.001367
616 0.001011
620 0.000615
624 0.000437
628 0.000328
632 0.000240
636 0.000120
640 0.000063
644 0.000067
648 0.000089
652 0.000091
656 0.000060
660 0.000054
664 0.000062
668 0.000060
672 0.000053
676 0.000048
680 0.000047
684 0.000050
688 0.000048
692 0.000040
696 0.000030
700 0.000028
704 0.000074
708 0.000136
712 0.000104
716 0.000041
720 0.000008
724 0.000001
728 0.000001
732 0.000001
736 0.000010
740 0.000009
744 0.000018
748 0.000025
752 0.000023
756 0.000014
760 0.000010
764 0.000013
768 0.000009
772 0.000004
776 0.000010
780 0.000009
