380 0.000003
384 0.000002
388 0.000001
392 0.000002
396 0.000009
400 0.000011
404 0.000010
408 0.000013
412 0.000018
416 0.000035
420 0.000043
424 0.000075
428 0.000092
432 0.000155
436 0.000211
440 0.000175
444 0.000133
448 0.000126
452 0.000122
456 0.000116
460 0.000108
464 0.000099
468 0.000090
472 0.000093
476 0.000115
480 0.000211
484 0.000427
488 0.000638
492 0.000668
496 0.000546
500 0.000369
504 0.000231
508 0.000160
512 0.000128
516 0.000102
520 0.000082
524 0.000062
528 0.000062
532 0.000114
536 0.000474
540 0.001854
544 0.003226
548 0.002329
552 0.001011
556 0.000357
560 0.000119
564 0.000055
568 0.000047
572 0.000105
576 0.000301
580 0.000638
584 0.001097
588 0.001324
592 0.001092
596 0.000741
600 0.000559
604 0.000843
608 0.003034
612 0.004817
616 0.003571
620 0.002174
624 0.001555
628 0.001178
632 0.000856
636 0.000425
640 0.000236
644 0.000251
648 0.000330
652 0.000336
656 0.000228
660 0.000209
664 0.000239
668 0.000223
672 0.000194
676 0.000195
680 0.000197
684 0.000193
688 0.000185
692 0.000153
696 0.000093
700 0.000097
704 0.000274
708 0.000489
712 0.000365
716 0.000131
720 0.000029
724 0.000005
728 0.000011
732 0.000011
736 0.000028
740 0.000022
744 0.000025
748 0.000011
752 0.000051
756 0.000042
760 0.000042
764 0.000024
768 0.000023
772 0.000003
776 0.000003
780 0.000004
